0 0 1
0.1 0.0998531 0.995586
0.2 0.199191 0.982286
0.3 0.296755 0.959389
0.4 0.391549 0.925764
0.5 0.482444 0.879822
0.6 0.568129 0.819593
0.7 0.647077 0.742899
0.8 0.717532 0.647685
0.9 0.77754 0.532583
1 0.825043 0.397679
1.1 0.858066 0.245339
1.2 0.874982 0.0806954
1.3 0.87482 -0.0886489
1.4 0.857488 -0.253934
1.5 0.82383 -0.407156
1.6 0.775453 -0.542685
1.7 0.714408 -0.657872
1.8 0.642862 -0.752624
1.9 0.562862 -0.828466
2 0.476223 -0.887637
2.1 0.384501 -0.932459
2.2 0.289014 -0.964979
2.3 0.19089 -0.986817
2.4 0.0911164 -0.999113
2.5 -0.00940962 -1.00253
2.6 -0.109833 -0.997247
2.7 -0.209294 -0.983001
2.8 -0.306881 -0.959053
2.9 -0.401589 -0.9242
3 -0.492267 -0.876797
3.1 -0.577576 -0.814824
3.2 -0.65596 -0.736072
3.3 -0.72563 -0.638503
3.4 -0.784601 -0.520835
3.5 -0.830801 -0.383349
3.6 -0.862262 -0.228704
3.7 -0.8774 -0.0623759
3.8 -0.875321 0.107752
3.9 -0.85604 0.272817
4 -0.820505 0.424936
4.1 -0.770405 0.558765
4.2 -0.707837 0.671973
4.3 -0.63498 0.76472
4.4 -0.55387 0.838685
4.5 -0.466304 0.896174
4.6 -0.373812 0.939513
4.7 -0.277694 0.970724
4.8 -0.179061 0.991383
4.9 -0.0788894 1.00258
5 0.0219284 1.00492
5.1 0.122537 0.998538
5.2 0.222072 0.983099
5.3 0.31961 0.957802
5.4 0.414125 0.921378
5.5 0.504442 0.872111
5.6 0.58919 0.807925
5.7 0.666773 0.726583
5.8 0.735364 0.626078
5.9 0.792947 0.505266
6 0.837433 0.364687
6.1 0.866872 0.207382
6.2 0.879745 0.0392487
6.3 0.875264 -0.131513
6.4 0.853574 -0.295969
6.5 0.815754 -0.446441
6.6 0.763587 -0.577962
6.7 0.699214 -0.6886
6.8 0.624823 -0.778809
6.9 0.542431 -0.850439
7 0.453806 -0.905857
7.1 0.360449 -0.947385
7.2 0.263634 -0.977002
7.3 0.164453 -0.996227
7.4 0.0638691 -1.00609
7.5 -0.0372324 -1.00712
7.6 -0.137995 -0.99938
7.7 -0.237547 -0.982472
7.8 -0.334948 -0.955511
7.9 -0.429151 -0.917145
8 -0.518948 -0.865581
8.1 -0.602928 -0.798677
8.2 -0.67945 -0.714176
8.3 -0.746643 -0.610133
8.4 -0.802454 -0.485587
8.5 -0.844785 -0.341426
8.6 -0.87172 -0.181165
8.7 -0.881823 -0.0111975
8.8 -0.874445 0.159944
8.9 -0.849893 0.323306
9 -0.809394 0.471516
9.1 -0.754832 0.60009
9.2 -0.688394 0.70756
9.3 -0.612265 0.794712
9.4 -0.528436 0.863567
9.5 -0.438637 0.916545
9.6 -0.344333 0.955949
9.7 -0.246768 0.9837
9.8 -0.147011 1.00124
9.9 -0.0460091 1.00952
10 0.0553574 1.009
10.1 0.156231 0.999653
10.2 0.255729 0.980982
10.3 0.352894 0.952018
10.4 0.446648 0.911311
10.5 0.535743 0.856978
10.6 0.618724 0.786811
10.7 0.693897 0.698544
10.8 0.759338 0.590329
10.9 0.81296 0.461462
11 0.852663 0.313269
11.1 0.876581 0.149841
11.2 0.883393 -0.0218692
11.3 0.872621 -0.193005
11.4 0.844764 -0.35468
11.5 0.801212 -0.499946
11.6 0.743954 -0.624905
11.7 0.675216 -0.728614
11.8 0.597169 -0.812208
11.9 0.511768 -0.877874
12 0.420698 -0.928069
12.1 0.325381 -0.965056
12.2 0.227026 -0.990683
12.3 0.126676 -1.0063
12.4 0.025265 -1.01277
12.5 -0.0763356 -1.01045
12.6 -0.177264 -0.999211
12.7 -0.276623 -0.978464
12.8 -0.373432 -0.947126
12.9 -0.466578 -0.903639
13 -0.554768 -0.84602
13.1 -0.636489 -0.771996
13.2 -0.709987 -0.679314
13.3 -0.773285 -0.566274
13.4 -0.82426 -0.432511
13.5 -0.860823 -0.2799
13.6 -0.881182 -0.113211
13.7 -0.884169 0.0599983
13.8 -0.869509 0.230592
13.9 -0.83792 0.389869
14 -0.790969 0.531446
14.1 -0.730745 0.652107
14.2 -0.659502 0.751478
14.3 -0.579385 0.831043
14.4 -0.492303 0.893138
14.5 -0.399884 0.940235
14.6 -0.303506 0.974536
14.7 -0.204337 0.997795
14.8 -0.103395 1.01126
14.9 -0.00159532 1.01568
15 0.0998303 1.01134
