0 0 1
0.01 0.00999985 0.999956
0.02 0.0199992 0.999824
0.03 0.0299968 0.999604
0.04 0.0399917 0.999296
0.05 0.0499831 0.9989
0.06 0.0599702 0.998415
0.07 0.0699519 0.997842
0.08 0.0799274 0.99718
0.09 0.0898959 0.996428
0.1 0.0998564 0.995586
0.11 0.109808 0.994655
0.12 0.11975 0.993632
0.13 0.129681 0.992519
0.14 0.139601 0.991314
0.15 0.149508 0.990017
0.16 0.159402 0.988626
0.17 0.169281 0.987142
0.18 0.179145 0.985564
0.19 0.188993 0.98389
0.2 0.198823 0.98212
0.21 0.208636 0.980254
0.22 0.218429 0.978289
0.23 0.228202 0.976226
0.24 0.237954 0.974063
0.25 0.247684 0.971799
0.26 0.25739 0.969433
0.27 0.267073 0.966964
0.28 0.27673 0.964391
0.29 0.286361 0.961712
0.3 0.295965 0.958926
0.31 0.30554 0.956032
0.32 0.315086 0.953029
0.33 0.324601 0.949915
0.34 0.334085 0.946688
0.35 0.343536 0.943348
0.36 0.352952 0.939892
0.37 0.362334 0.936319
0.38 0.371679 0.932628
0.39 0.380987 0.928817
0.4 0.390256 0.924884
0.41 0.399485 0.920828
0.42 0.408673 0.916646
0.43 0.417819 0.912337
0.44 0.426921 0.907899
0.45 0.435978 0.903331
0.46 0.444988 0.89863
0.47 0.453951 0.893794
0.48 0.462865 0.888823
0.49 0.471728 0.883713
0.5 0.48054 0.878462
0.51 0.489298 0.87307
0.52 0.498002 0.867533
0.53 0.506649 0.86185
0.54 0.515239 0.856019
0.55 0.52377 0.850038
0.56 0.532241 0.843904
0.57 0.540649 0.837616
0.58 0.548994 0.831172
0.59 0.557274 0.824569
0.6 0.565486 0.817806
0.61 0.57363 0.810881
0.62 0.581705 0.803792
0.63 0.589707 0.796536
0.64 0.597636 0.789112
0.65 0.60549 0.781518
0.66 0.613267 0.773752
0.67 0.620966 0.765813
0.68 0.628585 0.757698
0.69 0.636121 0.749406
0.7 0.643574 0.740936
0.71 0.650941 0.732285
0.72 0.65822 0.723453
0.73 0.665411 0.714437
0.74 0.67251 0.705237
0.75 0.679516 0.695851
0.76 0.686428 0.686279
0.77 0.693243 0.676519
0.78 0.699959 0.66657
0.79 0.706575 0.656431
0.8 0.713089 0.646103
0.81 0.719498 0.635584
0.82 0.725801 0.624874
0.83 0.731996 0.613973
0.84 0.738082 0.602881
0.85 0.744055 0.591597
0.86 0.749915 0.580123
0.87 0.755658 0.568459
0.88 0.761285 0.556605
0.89 0.766792 0.544563
0.9 0.772177 0.532333
0.91 0.777439 0.519916
0.92 0.782576 0.507315
0.93 0.787586 0.49453
0.94 0.792468 0.481565
0.95 0.797219 0.46842
0.96 0.801837 0.455098
0.97 0.806321 0.441603
0.98 0.81067 0.427936
0.99 0.814881 0.414101
1 0.818953 0.400102
1.01 0.822884 0.385941
1.02 0.826672 0.371623
1.03 0.830317 0.357151
1.04 0.833816 0.342531
1.05 0.837168 0.327766
1.06 0.840372 0.312862
1.07 0.843426 0.297823
1.08 0.846329 0.282655
1.09 0.84908 0.267363
1.1 0.851677 0.251953
1.11 0.85412 0.236431
1.12 0.856406 0.220803
1.13 0.858536 0.205075
1.14 0.860508 0.189253
1.15 0.862322 0.173345
1.16 0.863976 0.157357
1.17 0.865469 0.141297
1.18 0.866802 0.12517
1.19 0.867973 0.108986
1.2 0.868982 0.0927497
1.21 0.869828 0.0764703
1.22 0.870512 0.0601548
1.23 0.871032 0.0438109
1.24 0.871388 0.0274463
1.25 0.871581 0.0110686
1.26 0.87161 -0.00531425
1.27 0.871474 -0.0216946
1.28 0.871176 -0.0380647
1.29 0.870713 -0.0544168
1.3 0.870087 -0.0707432
1.31 0.869298 -0.0870362
1.32 0.868346 -0.103288
1.33 0.867232 -0.119492
1.34 0.865956 -0.13564
1.35 0.864519 -0.151724
1.36 0.862921 -0.167739
1.37 0.861164 -0.183676
1.38 0.859248 -0.199528
1.39 0.857173 -0.21529
1.4 0.854941 -0.230954
1.41 0.852553 -0.246515
1.42 0.85001 -0.261965
1.43 0.847314 -0.277299
1.44 0.844464 -0.292511
1.45 0.841463 -0.307596
1.46 0.838311 -0.322549
1.47 0.835011 -0.337363
1.48 0.831563 -0.352035
1.49 0.82797 -0.366559
1.5 0.824231 -0.380931
1.51 0.82035 -0.395148
1.52 0.816328 -0.409205
1.53 0.812165 -0.423098
1.54 0.807865 -0.436824
1.55 0.803428 -0.450381
1.56 0.798856 -0.463764
1.57 0.794152 -0.476971
1.58 0.789316 -0.49
1.59 0.784351 -0.502849
1.6 0.779258 -0.515515
1.61 0.77404 -0.527996
1.62 0.768697 -0.540292
1.63 0.763233 -0.552401
1.64 0.757649 -0.564321
1.65 0.751946 -0.576052
1.66 0.746127 -0.587593
1.67 0.740193 -0.598943
1.68 0.734147 -0.610103
1.69 0.72799 -0.621071
1.7 0.721724 -0.631848
1.71 0.715352 -0.642434
1.72 0.708875 -0.65283
1.73 0.702294 -0.663035
1.74 0.695613 -0.67305
1.75 0.688832 -0.682877
1.76 0.681955 -0.692515
1.77 0.674981 -0.701967
1.78 0.667914 -0.711232
1.79 0.660756 -0.720312
1.8 0.653507 -0.729209
1.81 0.646171 -0.737923
1.82 0.638748 -0.746457
1.83 0.63124 -0.754811
1.84 0.623651 -0.762988
1.85 0.61598 -0.770989
1.86 0.60823 -0.778815
1.87 0.600403 -0.786469
1.88 0.5925 -0.793953
1.89 0.584523 -0.801267
1.9 0.576474 -0.808415
1.91 0.568354 -0.815398
1.92 0.560165 -0.822217
1.93 0.551908 -0.828876
1.94 0.543586 -0.835376
1.95 0.5352 -0.841718
1.96 0.526751 -0.847906
1.97 0.518241 -0.853941
1.98 0.509672 -0.859824
1.99 0.501044 -0.865559
2 0.49236 -0.871147
2.01 0.48362 -0.87659
2.02 0.474827 -0.88189
2.03 0.465982 -0.887049
2.04 0.457086 -0.892069
2.05 0.44814 -0.896952
2.06 0.439146 -0.9017
2.07 0.430105 -0.906314
2.08 0.421019 -0.910798
2.09 0.411889 -0.915151
2.1 0.402715 -0.919378
2.11 0.3935 -0.923478
2.12 0.384245 -0.927454
2.13 0.374951 -0.931308
2.14 0.365618 -0.935041
2.15 0.356249 -0.938655
2.16 0.346845 -0.942152
2.17 0.337406 -0.945532
2.18 0.327933 -0.948798
2.19 0.318429 -0.951952
2.2 0.308894 -0.954994
2.21 0.299329 -0.957926
2.22 0.289735 -0.960749
2.23 0.280113 -0.963466
2.24 0.270465 -0.966076
2.25 0.260791 -0.968581
2.26 0.251093 -0.970983
2.27 0.241371 -0.973283
2.28 0.231627 -0.975481
2.29 0.221861 -0.977579
2.3 0.212074 -0.979578
2.31 0.202269 -0.981479
2.32 0.192444 -0.983283
2.33 0.182602 -0.98499
2.34 0.172744 -0.986602
2.35 0.16287 -0.988119
2.36 0.152981 -0.989542
2.37 0.143079 -0.990872
2.38 0.133163 -0.992109
2.39 0.123236 -0.993255
2.4 0.113298 -0.994309
2.41 0.103349 -0.995272
2.42 0.0933918 -0.996145
2.43 0.083426 -0.996929
2.44 0.0734528 -0.997622
2.45 0.0634731 -0.998227
2.46 0.0534878 -0.998743
2.47 0.0434978 -0.99917
2.48 0.033504 -0.999509
2.49 0.0235072 -0.999759
2.5 0.0135084 -0.999922
2.51 0.00350834 -0.999997
2.52 -0.00649201 -0.999984
2.53 -0.0164918 -0.999883
2.54 -0.0264901 -0.999694
2.55 -0.0364861 -0.999417
2.56 -0.0464789 -0.999052
2.57 -0.0564676 -0.998598
2.58 -0.0664513 -0.998056
2.59 -0.0764291 -0.997424
2.6 -0.0864002 -0.996704
2.61 -0.0963637 -0.995894
2.62 -0.106319 -0.994994
2.63 -0.116264 -0.994004
2.64 -0.126199 -0.992922
2.65 -0.136123 -0.99175
2.66 -0.146035 -0.990485
2.67 -0.155933 -0.989127
2.68 -0.165818 -0.987676
2.69 -0.175687 -0.98613
2.7 -0.185541 -0.98449
2.71 -0.195377 -0.982754
2.72 -0.205196 -0.980922
2.73 -0.214996 -0.978992
2.74 -0.224776 -0.976963
2.75 -0.234536 -0.974835
2.76 -0.244274 -0.972607
2.77 -0.253989 -0.970277
2.78 -0.26368 -0.967844
2.79 -0.273346 -0.965308
2.8 -0.282986 -0.962666
2.81 -0.2926 -0.959918
2.82 -0.302185 -0.957062
2.83 -0.311742 -0.954097
2.84 -0.321268 -0.951022
2.85 -0.330763 -0.947835
2.86 -0.340225 -0.944535
2.87 -0.349654 -0.94112
2.88 -0.359048 -0.937588
2.89 -0.368406 -0.933939
2.9 -0.377727 -0.93017
2.91 -0.38701 -0.92628
2.92 -0.396254 -0.922267
2.93 -0.405456 -0.918129
2.94 -0.414617 -0.913865
2.95 -0.423734 -0.909473
2.96 -0.432807 -0.90495
2.97 -0.441834 -0.900296
2.98 -0.450813 -0.895508
2.99 -0.459745 -0.890584
3 -0.468626 -0.885523
3.01 -0.477456 -0.880322
3.02 -0.486233 -0.87498
3.03 -0.494956 -0.869494
3.04 -0.503624 -0.863863
3.05 -0.512234 -0.858084
3.06 -0.520786 -0.852155
3.07 -0.529278 -0.846075
3.08 -0.537708 -0.839841
3.09 -0.546075 -0.833452
3.1 -0.554378 -0.826905
3.11 -0.562614 -0.820199
3.12 -0.570783 -0.813331
3.13 -0.578882 -0.806299
3.14 -0.58691 -0.799102
3.15 -0.594865 -0.791737
3.16 -0.602745 -0.784203
3.17 -0.61055 -0.776498
3.18 -0.618276 -0.768619
3.19 -0.625923 -0.760566
3.2 -0.633488 -0.752337
3.21 -0.64097 -0.743929
3.22 -0.648368 -0.735342
3.23 -0.655678 -0.726573
3.24 -0.6629 -0.717622
3.25 -0.670032 -0.708487
3.26 -0.677071 -0.699166
3.27 -0.684016 -0.689659
3.28 -0.690865 -0.679965
3.29 -0.697616 -0.670082
3.3 -0.704267 -0.66001
3.31 -0.710817 -0.649749
3.32 -0.717263 -0.639296
3.33 -0.723604 -0.628653
3.34 -0.729837 -0.617819
3.35 -0.735961 -0.606794
3.36 -0.741974 -0.595578
3.37 -0.747874 -0.584171
3.38 -0.753659 -0.572573
3.39 -0.759326 -0.560786
3.4 -0.764875 -0.548809
3.41 -0.770303 -0.536645
3.42 -0.775609 -0.524293
3.43 -0.78079 -0.511757
3.44 -0.785845 -0.499036
3.45 -0.790772 -0.486134
3.46 -0.795569 -0.473051
3.47 -0.800234 -0.459791
3.48 -0.804765 -0.446357
3.49 -0.809162 -0.432749
3.5 -0.813421 -0.418973
3.51 -0.817542 -0.405031
3.52 -0.821523 -0.390926
3.53 -0.825361 -0.376663
3.54 -0.829057 -0.362245
3.55 -0.832607 -0.347676
3.56 -0.836011 -0.332961
3.57 -0.839267 -0.318105
3.58 -0.842374 -0.303113
3.59 -0.84533 -0.28799
3.6 -0.848134 -0.272741
3.61 -0.850785 -0.257371
3.62 -0.853282 -0.241888
3.63 -0.855624 -0.226296
3.64 -0.857809 -0.210602
3.65 -0.859836 -0.194812
3.66 -0.861706 -0.178934
3.67 -0.863415 -0.162973
3.68 -0.864965 -0.146937
3.69 -0.866355 -0.130833
3.7 -0.867582 -0.114668
3.71 -0.868648 -0.0984488
3.72 -0.869552 -0.0821837
3.73 -0.870292 -0.0658799
3.74 -0.870869 -0.049545
3.75 -0.871283 -0.0331867
3.76 -0.871533 -0.0168127
3.77 -0.87162 -0.000430712
3.78 -0.871542 0.0159515
3.79 -0.871301 0.0323261
3.8 -0.870895 0.0486855
3.81 -0.870327 0.0650218
3.82 -0.869595 0.0813275
3.83 -0.8687 0.0975948
3.84 -0.867643 0.113816
3.85 -0.866423 0.129985
3.86 -0.865043 0.146092
3.87 -0.863501 0.162132
3.88 -0.8618 0.178097
3.89 -0.859939 0.19398
3.9 -0.85792 0.209775
3.91 -0.855743 0.225474
3.92 -0.85341 0.241071
3.93 -0.850921 0.256561
3.94 -0.848278 0.271937
3.95 -0.845482 0.287192
3.96 -0.842534 0.302323
3.97 -0.839435 0.317322
3.98 -0.836187 0.332185
3.99 -0.83279 0.346908
4 -0.829248 0.361484
4.01 -0.82556 0.375911
4.02 -0.821729 0.390182
4.03 -0.817756 0.404296
4.04 -0.813642 0.418247
4.05 -0.80939 0.432032
4.06 -0.805001 0.445648
4.07 -0.800476 0.459092
4.08 -0.795818 0.472362
4.09 -0.791028 0.485454
4.1 -0.786108 0.498366
4.11 -0.78106 0.511096
4.12 -0.775885 0.523643
4.13 -0.770586 0.536004
4.14 -0.765164 0.548178
4.15 -0.759621 0.560165
4.16 -0.75396 0.571962
4.17 -0.748181 0.58357
4.18 -0.742287 0.594987
4.19 -0.73628 0.606214
4.2 -0.730162 0.617249
4.21 -0.723935 0.628093
4.22 -0.717599 0.638746
4.23 -0.711159 0.649209
4.24 -0.704614 0.65948
4.25 -0.697968 0.669562
4.26 -0.691222 0.679455
4.27 -0.684378 0.689159
4.28 -0.677438 0.698676
4.29 -0.670404 0.708006
4.3 -0.663277 0.717151
4.31 -0.65606 0.726112
4.32 -0.648754 0.734891
4.33 -0.641361 0.743487
4.34 -0.633883 0.751905
4.35 -0.626322 0.760143
4.36 -0.618679 0.768206
4.37 -0.610957 0.776093
4.38 -0.603157 0.783807
4.39 -0.59528 0.79135
4.4 -0.587329 0.798724
4.41 -0.579305 0.80593
4.42 -0.571209 0.81297
4.43 -0.563044 0.819847
4.44 -0.554811 0.826562
4.45 -0.546512 0.833117
4.46 -0.538148 0.839515
4.47 -0.529721 0.845756
4.48 -0.521232 0.851844
4.49 -0.512684 0.857781
4.5 -0.504076 0.863567
4.51 -0.495411 0.869207
4.52 -0.486691 0.8747
4.53 -0.477917 0.88005
4.54 -0.469089 0.885258
4.55 -0.460211 0.890327
4.56 -0.451282 0.895258
4.57 -0.442305 0.900053
4.58 -0.433281 0.904714
4.59 -0.42421 0.909243
4.6 -0.415095 0.913642
4.61 -0.405937 0.917913
4.62 -0.396736 0.922057
4.63 -0.387495 0.926077
4.64 -0.378214 0.929973
4.65 -0.368895 0.933748
4.66 -0.359538 0.937404
4.67 -0.350146 0.940941
4.68 -0.340719 0.944362
4.69 -0.331258 0.947669
4.7 -0.321765 0.950861
4.71 -0.31224 0.953942
4.72 -0.302686 0.956913
4.73 -0.293102 0.959774
4.74 -0.28349 0.962528
4.75 -0.273851 0.965175
4.76 -0.264186 0.967717
4.77 -0.254496 0.970155
4.78 -0.244782 0.972491
4.79 -0.235045 0.974724
4.8 -0.225287 0.976858
4.81 -0.215508 0.978891
4.82 -0.205709 0.980826
4.83 -0.195891 0.982664
4.84 -0.186055 0.984405
4.85 -0.176202 0.98605
4.86 -0.166333 0.9876
4.87 -0.15645 0.989056
4.88 -0.146552 0.990419
4.89 -0.136641 0.991688
4.9 -0.126718 0.992866
4.91 -0.116783 0.993952
4.92 -0.106838 0.994947
4.93 -0.0968836 0.995852
4.94 -0.0869205 0.996667
4.95 -0.0769498 0.997392
4.96 -0.0669723 0.998027
4.97 -0.0569888 0.998574
4.98 -0.0470003 0.999033
4.99 -0.0370077 0.999402
5 -0.0270118 0.999684
5.01 -0.0170136 0.999878
5.02 -0.00701385 0.999983
5.03 0.00298651 1
5.04 0.0129866 0.999931
5.05 0.0229856 0.999772
5.06 0.0329825 0.999526
5.07 0.0429765 0.999192
5.08 0.0529668 0.998769
5.09 0.0629524 0.998258
5.1 0.0729324 0.997658
5.11 0.082906 0.996969
5.12 0.0928722 0.996191
5.13 0.10283 0.995322
5.14 0.112779 0.994364
5.15 0.122718 0.993314
5.16 0.132646 0.992173
5.17 0.142562 0.990941
5.18 0.152465 0.989616
5.19 0.162355 0.988197
5.2 0.17223 0.986685
5.21 0.182089 0.985078
5.22 0.191932 0.983376
5.23 0.201757 0.981578
5.24 0.211564 0.979682
5.25 0.221351 0.977688
5.26 0.231118 0.975595
5.27 0.240863 0.973402
5.28 0.250586 0.971108
5.29 0.260286 0.968711
5.3 0.269961 0.966211
5.31 0.279611 0.963606
5.32 0.289234 0.960895
5.33 0.298829 0.958078
5.34 0.308396 0.955151
5.35 0.317933 0.952115
5.36 0.327439 0.948967
5.37 0.336913 0.945707
5.38 0.346353 0.942332
5.39 0.35576 0.938842
5.4 0.365131 0.935234
5.41 0.374465 0.931507
5.42 0.383762 0.92766
5.43 0.393019 0.92369
5.44 0.402236 0.919596
5.45 0.411411 0.915376
5.46 0.420544 0.911029
5.47 0.429633 0.906553
5.48 0.438676 0.901945
5.49 0.447672 0.897204
5.5 0.456621 0.892328
5.51 0.465519 0.887315
5.52 0.474368 0.882163
5.53 0.483163 0.876871
5.54 0.491906 0.871435
5.55 0.500593 0.865855
5.56 0.509224 0.860128
5.57 0.517796 0.854252
5.58 0.526309 0.848226
5.59 0.534761 0.842046
5.6 0.543151 0.835712
5.61 0.551476 0.82922
5.62 0.559736 0.82257
5.63 0.567929 0.815759
5.64 0.576052 0.808784
5.65 0.584105 0.801645
5.66 0.592086 0.79434
5.67 0.599993 0.786865
5.68 0.607824 0.77922
5.69 0.615578 0.771403
5.7 0.623253 0.763411
5.71 0.630847 0.755243
5.72 0.638359 0.746898
5.73 0.645786 0.738374
5.74 0.653127 0.729669
5.75 0.66038 0.720782
5.76 0.667544 0.711711
5.77 0.674615 0.702456
5.78 0.681594 0.693014
5.79 0.688477 0.683386
5.8 0.695262 0.673569
5.81 0.701949 0.663564
5.82 0.708535 0.653369
5.83 0.715017 0.642983
5.84 0.721395 0.632407
5.85 0.727666 0.62164
5.86 0.733829 0.610682
5.87 0.739881 0.599532
5.88 0.745821 0.588192
5.89 0.751646 0.576661
5.9 0.757355 0.56494
5.91 0.762945 0.55303
5.92 0.768416 0.540931
5.93 0.773765 0.528645
5.94 0.77899 0.516173
5.95 0.784089 0.503516
5.96 0.789061 0.490677
5.97 0.793904 0.477658
5.98 0.798615 0.46446
5.99 0.803194 0.451086
6 0.807638 0.437539
6.01 0.811946 0.423821
6.02 0.816115 0.409937
6.03 0.820145 0.395889
6.04 0.824034 0.38168
6.05 0.82778 0.367316
6.06 0.831381 0.352799
6.07 0.834836 0.338135
6.08 0.838144 0.323328
6.09 0.841304 0.308383
6.1 0.844313 0.293305
6.11 0.84717 0.278099
6.12 0.849875 0.262771
6.13 0.852426 0.247327
6.14 0.854822 0.231772
6.15 0.857062 0.216113
6.16 0.859145 0.200356
6.17 0.86107 0.184508
6.18 0.862836 0.168576
6.19 0.864442 0.152565
6.2 0.865888 0.136484
6.21 0.867172 0.120339
6.22 0.868295 0.104138
6.23 0.869255 0.0878884
6.24 0.870053 0.0715973
6.25 0.870687 0.0552723
6.26 0.871158 0.0389213
6.27 0.871466 0.0225518
6.28 0.871609 0.0061717
6.29 0.871589 -0.0102114
6.3 0.871405 -0.0265896
6.31 0.871057 -0.0429553
6.32 0.870546 -0.0593006
6.33 0.869871 -0.075618
6.34 0.869034 -0.0918997
6.35 0.868033 -0.108138
6.36 0.866871 -0.124326
6.37 0.865546 -0.140456
6.38 0.864061 -0.15652
6.39 0.862416 -0.172512
6.4 0.860611 -0.188425
6.41 0.858647 -0.204251
6.42 0.856525 -0.219985
6.43 0.854247 -0.235619
6.44 0.851812 -0.251147
6.45 0.849223 -0.266563
6.46 0.84648 -0.281862
6.47 0.843585 -0.297037
6.48 0.840539 -0.312083
6.49 0.837343 -0.326994
6.5 0.833998 -0.341767
6.51 0.830507 -0.356395
6.52 0.82687 -0.370874
6.53 0.823089 -0.385201
6.54 0.819165 -0.39937
6.55 0.815101 -0.413378
6.56 0.810897 -0.427222
6.57 0.806555 -0.440898
6.58 0.802078 -0.454403
6.59 0.797466 -0.467734
6.6 0.792722 -0.480888
6.61 0.787848 -0.493864
6.62 0.782844 -0.506658
6.63 0.777714 -0.519269
6.64 0.772458 -0.531695
6.65 0.767079 -0.543936
6.66 0.761578 -0.555988
6.67 0.755958 -0.567852
6.68 0.75022 -0.579526
6.69 0.744367 -0.59101
6.7 0.738399 -0.602304
6.71 0.73232 -0.613406
6.72 0.72613 -0.624317
6.73 0.719832 -0.635037
6.74 0.713428 -0.645566
6.75 0.70692 -0.655905
6.76 0.700309 -0.666053
6.77 0.693598 -0.676012
6.78 0.686788 -0.685783
6.79 0.679881 -0.695365
6.8 0.67288 -0.70476
6.81 0.665785 -0.71397
6.82 0.6586 -0.722996
6.83 0.651324 -0.731838
6.84 0.643962 -0.740498
6.85 0.636514 -0.748978
6.86 0.628981 -0.757279
6.87 0.621367 -0.765403
6.88 0.613672 -0.773352
6.89 0.605899 -0.781126
6.9 0.598049 -0.788729
6.91 0.590124 -0.796162
6.92 0.582125 -0.803427
6.93 0.574054 -0.810525
6.94 0.565914 -0.817458
6.95 0.557704 -0.82423
6.96 0.549428 -0.830841
6.97 0.541087 -0.837293
6.98 0.532682 -0.843589
6.99 0.524214 -0.849731
7 0.515686 -0.85572
7.01 0.507099 -0.861559
7.02 0.498454 -0.86725
7.03 0.489753 -0.872794
7.04 0.480998 -0.878194
7.05 0.472189 -0.883452
7.06 0.463328 -0.888569
7.07 0.454417 -0.893548
7.08 0.445456 -0.89839
7.09 0.436448 -0.903098
7.1 0.427394 -0.907673
7.11 0.418294 -0.912118
7.12 0.409151 -0.916433
7.13 0.399965 -0.920622
7.14 0.390738 -0.924685
7.15 0.38147 -0.928624
7.16 0.372164 -0.932442
7.17 0.362821 -0.936139
7.18 0.353441 -0.939718
7.19 0.344026 -0.943179
7.2 0.334577 -0.946526
7.21 0.325095 -0.949758
7.22 0.315581 -0.952878
7.23 0.306037 -0.955887
7.24 0.296463 -0.958787
7.25 0.28686 -0.961578
7.26 0.277231 -0.964262
7.27 0.267575 -0.966841
7.28 0.257893 -0.969315
7.29 0.248188 -0.971687
7.3 0.238459 -0.973956
7.31 0.228708 -0.976124
7.32 0.218936 -0.978192
7.33 0.209144 -0.980162
7.34 0.199332 -0.982034
7.35 0.189503 -0.983808
7.36 0.179656 -0.985487
7.37 0.169792 -0.98707
7.38 0.159914 -0.988559
7.39 0.150021 -0.989954
7.4 0.140114 -0.991257
7.41 0.130195 -0.992466
7.42 0.120265 -0.993585
7.43 0.110323 -0.994611
7.44 0.100372 -0.995548
7.45 0.0904117 -0.996394
7.46 0.0804435 -0.99715
7.47 0.0704682 -0.997817
7.48 0.0604867 -0.998395
7.49 0.0504999 -0.998884
7.5 0.0405086 -0.999285
7.51 0.0305137 -0.999598
7.52 0.0205162 -0.999822
7.53 0.0105169 -0.999959
7.54 0.000516586 -1.00001
7.55 -0.00948373 -0.999968
7.56 -0.0194832 -0.99984
7.57 -0.029481 -0.999625
7.58 -0.0394761 -0.999322
7.59 -0.0494678 -0.99893
7.6 -0.0594552 -0.99845
7.61 -0.0694373 -0.997881
7.62 -0.0794132 -0.997223
7.63 -0.0893822 -0.996476
7.64 -0.0993432 -0.995639
7.65 -0.109295 -0.994712
7.66 -0.119238 -0.993695
7.67 -0.12917 -0.992586
7.68 -0.13909 -0.991385
7.69 -0.148998 -0.990093
7.7 -0.158892 -0.988707
7.71 -0.168773 -0.987228
7.72 -0.178637 -0.985654
7.73 -0.188486 -0.983986
7.74 -0.198318 -0.982221
7.75 -0.208131 -0.980359
7.76 -0.217925 -0.9784
7.77 -0.227699 -0.976342
7.78 -0.237453 -0.974184
7.79 -0.247184 -0.971925
7.8 -0.256892 -0.969565
7.81 -0.266575 -0.967101
7.82 -0.276234 -0.964533
7.83 -0.285867 -0.961859
7.84 -0.295472 -0.959079
7.85 -0.305049 -0.956191
7.86 -0.314596 -0.953193
7.87 -0.324113 -0.950085
7.88 -0.333598 -0.946864
7.89 -0.343051 -0.94353
7.9 -0.35247 -0.94008
7.91 -0.361853 -0.936513
7.92 -0.371201 -0.932828
7.93 -0.38051 -0.929023
7.94 -0.389782 -0.925097
7.95 -0.399013 -0.921047
7.96 -0.408203 -0.916871
7.97 -0.417351 -0.912569
7.98 -0.426455 -0.908138
7.99 -0.435514 -0.903576
8 -0.444527 -0.898882
8.01 -0.453493 -0.894054
8.02 -0.462409 -0.889089
8.03 -0.471275 -0.883986
8.04 -0.480089 -0.878743
8.05 -0.488851 -0.873358
8.06 -0.497557 -0.867829
8.07 -0.506208 -0.862153
8.08 -0.514801 -0.85633
8.09 -0.523335 -0.850356
8.1 -0.531809 -0.84423
8.11 -0.540221 -0.83795
8.12 -0.548569 -0.831514
8.13 -0.556852 -0.824919
8.14 -0.565068 -0.818165
8.15 -0.573216 -0.811248
8.16 -0.581294 -0.804167
8.17 -0.5893 -0.79692
8.18 -0.597233 -0.789504
8.19 -0.605091 -0.781919
8.2 -0.612872 -0.774162
8.21 -0.620575 -0.766232
8.22 -0.628198 -0.758126
8.23 -0.635738 -0.749843
8.24 -0.643195 -0.741382
8.25 -0.650567 -0.732741
8.26 -0.657851 -0.723917
8.27 -0.665046 -0.714911
8.28 -0.67215 -0.70572
8.29 -0.679162 -0.696344
8.3 -0.686078 -0.686781
8.31 -0.692898 -0.677031
8.32 -0.69962 -0.667091
8.33 -0.706241 -0.656963
8.34 -0.71276 -0.646644
8.35 -0.719175 -0.636135
8.36 -0.725483 -0.625434
8.37 -0.731684 -0.614543
8.38 -0.737775 -0.60346
8.39 -0.743754 -0.592187
8.4 -0.74962 -0.580723
8.41 -0.75537 -0.569068
8.42 -0.761002 -0.557224
8.43 -0.766515 -0.545191
8.44 -0.771907 -0.53297
8.45 -0.777176 -0.520563
8.46 -0.782319 -0.507971
8.47 -0.787336 -0.495196
8.48 -0.792224 -0.482239
8.49 -0.796982 -0.469103
8.5 -0.801607 -0.455791
8.51 -0.806098 -0.442304
8.52 -0.810454 -0.428646
8.53 -0.814672 -0.414819
8.54 -0.818751 -0.400828
8.55 -0.82269 -0.386675
8.56 -0.826486 -0.372365
8.57 -0.830138 -0.357901
8.58 -0.833644 -0.343288
8.59 -0.837004 -0.328531
8.6 -0.840216 -0.313633
8.61 -0.843278 -0.298601
8.62 -0.846188 -0.283439
8.63 -0.848947 -0.268153
8.64 -0.851552 -0.252749
8.65 -0.854003 -0.237232
8.66 -0.856297 -0.221609
8.67 -0.858435 -0.205886
8.68 -0.860415 -0.190069
8.69 -0.862237 -0.174165
8.7 -0.863899 -0.158181
8.71 -0.865401 -0.142123
8.72 -0.866742 -0.126
8.73 -0.867921 -0.109818
8.74 -0.868939 -0.0935842
8.75 -0.869793 -0.0773066
8.76 -0.870485 -0.0609925
8.77 -0.871013 -0.0446497
8.78 -0.871378 -0.0282857
8.79 -0.871579 -0.0119084
8.8 -0.871616 0.00447462
8.81 -0.87149 0.0208555
8.82 -0.871199 0.0372265
8.83 -0.870745 0.0535799
8.84 -0.870128 0.069908
8.85 -0.869347 0.0862031
8.86 -0.868403 0.102458
8.87 -0.867298 0.118664
8.88 -0.86603 0.134815
8.89 -0.864601 0.150903
8.9 -0.863011 0.166922
8.91 -0.861262 0.182863
8.92 -0.859354 0.19872
8.93 -0.857287 0.214487
8.94 -0.855064 0.230157
8.95 -0.852684 0.245723
8.96 -0.850149 0.261179
8.97 -0.84746 0.276519
8.98 -0.844618 0.291738
8.99 -0.841624 0.30683
9 -0.83848 0.321789
9.01 -0.835188 0.336611
9.02 -0.831748 0.35129
9.03 -0.828161 0.365823
9.04 -0.82443 0.380203
9.05 -0.820556 0.394428
9.06 -0.816541 0.408493
9.07 -0.812386 0.422395
9.08 -0.808092 0.43613
9.09 -0.803662 0.449695
9.1 -0.799098 0.463088
9.11 -0.7944 0.476304
9.12 -0.789571 0.489342
9.13 -0.784612 0.5022
9.14 -0.779526 0.514876
9.15 -0.774314 0.527367
9.16 -0.768977 0.539673
9.17 -0.763519 0.551791
9.18 -0.757941 0.563721
9.19 -0.752244 0.575462
9.2 -0.74643 0.587013
9.21 -0.740503 0.598373
9.22 -0.734462 0.609542
9.23 -0.728311 0.620521
9.24 -0.722051 0.631308
9.25 -0.715684 0.641903
9.26 -0.709212 0.652309
9.27 -0.702637 0.662524
9.28 -0.69596 0.672549
9.29 -0.689185 0.682385
9.3 -0.682312 0.692033
9.31 -0.675343 0.701494
9.32 -0.668281 0.710769
9.33 -0.661127 0.719859
9.34 -0.653883 0.728765
9.35 -0.64655 0.737489
9.36 -0.639132 0.746031
9.37 -0.631629 0.754395
9.38 -0.624043 0.762581
9.39 -0.616376 0.770591
9.4 -0.60863 0.778426
9.41 -0.600807 0.786089
9.42 -0.592908 0.793581
9.43 -0.584935 0.800904
9.44 -0.576889 0.808061
9.45 -0.568773 0.815052
9.46 -0.560587 0.82188
9.47 -0.552334 0.828547
9.48 -0.544015 0.835054
9.49 -0.535632 0.841405
9.5 -0.527186 0.8476
9.51 -0.518679 0.853643
9.52 -0.510113 0.859534
9.53 -0.501488 0.865277
9.54 -0.492807 0.870872
9.55 -0.48407 0.876322
9.56 -0.475279 0.881629
9.57 -0.466437 0.886796
9.58 -0.457543 0.891823
9.59 -0.448599 0.896713
9.6 -0.439608 0.901467
9.61 -0.430569 0.906089
9.62 -0.421485 0.910579
9.63 -0.412357 0.914939
9.64 -0.403186 0.919172
9.65 -0.393973 0.923279
9.66 -0.38472 0.927261
9.67 -0.375427 0.931121
9.68 -0.366097 0.934861
9.69 -0.356729 0.938481
9.7 -0.347326 0.941983
9.71 -0.337889 0.94537
9.72 -0.328418 0.948642
9.73 -0.318916 0.951801
9.74 -0.309382 0.954849
9.75 -0.299818 0.957786
9.76 -0.290226 0.960615
9.77 -0.280605 0.963337
9.78 -0.270958 0.965952
9.79 -0.261286 0.968463
9.8 -0.251589 0.970871
9.81 -0.241868 0.973175
9.82 -0.232125 0.975379
9.83 -0.22236 0.977482
9.84 -0.212574 0.979486
9.85 -0.20277 0.981392
9.86 -0.192946 0.9832
9.87 -0.183105 0.984912
9.88 -0.173247 0.986529
9.89 -0.163374 0.988051
9.9 -0.153486 0.989479
9.91 -0.143584 0.990814
9.92 -0.133669 0.992056
9.93 -0.123742 0.993206
9.94 -0.113805 0.994265
9.95 -0.103857 0.995233
9.96 -0.0938994 0.99611
9.97 -0.0839339 0.996898
9.98 -0.073961 0.997596
9.99 -0.0639816 0.998205
10 -0.0539965 0.998726
10.01 -0.0440066 0.999157
10.02 -0.0340129 0.999501
10.03 -0.0240162 0.999756
10.04 -0.0140173 0.999923
10.05 -0.00401726 1
10.06 0.00598316 0.999994
10.07 0.0159831 0.999897
10.08 0.0259815 0.999713
10.09 0.0359778 0.99944
10.1 0.0459708 0.999079
10.11 0.0559598 0.99863
10.12 0.0659438 0.998093
10.13 0.0759221 0.997466
10.14 0.0858936 0.99675
10.15 0.0958575 0.995945
10.16 0.105813 0.995049
10.17 0.115759 0.994063
10.18 0.125695 0.992987
10.19 0.135619 0.991819
10.2 0.145531 0.990558
10.21 0.155431 0.989205
10.22 0.165316 0.987759
10.23 0.175186 0.986218
10.24 0.185041 0.984583
10.25 0.194879 0.982852
10.26 0.204698 0.981024
10.27 0.2145 0.979099
10.28 0.224281 0.977076
10.29 0.234042 0.974953
10.3 0.24378 0.97273
10.31 0.253497 0.970405
10.32 0.263189 0.967977
10.33 0.272857 0.965446
10.34 0.282498 0.96281
10.35 0.292113 0.960067
10.36 0.3017 0.957217
10.37 0.311258 0.954258
10.38 0.320786 0.951188
10.39 0.330283 0.948007
10.4 0.339747 0.944712
10.41 0.349177 0.941303
10.42 0.358573 0.937778
10.43 0.367934 0.934134
10.44 0.377257 0.930371
10.45 0.386542 0.926487
10.46 0.395787 0.922481
10.47 0.404992 0.918349
10.48 0.414155 0.914092
10.49 0.423274 0.909706
10.5 0.432349 0.90519
10.51 0.441379 0.900542
10.52 0.450361 0.895761
10.53 0.459295 0.890844
10.54 0.468178 0.88579
10.55 0.477011 0.880596
10.56 0.485791 0.875261
10.57 0.494517 0.869783
10.58 0.503187 0.864159
10.59 0.511801 0.858387
10.6 0.520356 0.852466
10.61 0.528851 0.846394
10.62 0.537285 0.840168
10.63 0.545655 0.833787
10.64 0.553961 0.827248
10.65 0.562201 0.820549
10.66 0.570373 0.81369
10.67 0.578475 0.806666
10.68 0.586507 0.799477
10.69 0.594466 0.792121
10.7 0.60235 0.784596
10.71 0.610159 0.776899
10.72 0.617889 0.769029
10.73 0.62554 0.760985
10.74 0.63311 0.752765
10.75 0.640596 0.744366
10.76 0.647998 0.735788
10.77 0.655313 0.727028
10.78 0.662539 0.718086
10.79 0.669675 0.70896
10.8 0.676719 0.699649
10.81 0.683669 0.690151
10.82 0.690523 0.680466
10.83 0.69728 0.670593
10.84 0.703936 0.660531
10.85 0.710491 0.650279
10.86 0.716943 0.639836
10.87 0.723289 0.629203
10.88 0.729528 0.618378
10.89 0.735657 0.607363
10.9 0.741676 0.596156
10.91 0.747581 0.584758
10.92 0.753372 0.57317
10.93 0.759046 0.561392
10.94 0.764601 0.549425
10.95 0.770035 0.53727
10.96 0.775347 0.524928
10.97 0.780535 0.5124
10.98 0.785596 0.499689
10.99 0.790529 0.486796
11 0.795333 0.473722
11.01 0.800005 0.460471
11.02 0.804543 0.447045
11.03 0.808947 0.433446
11.04 0.813213 0.419678
11.05 0.817341 0.405744
11.06 0.821329 0.391647
11.07 0.825175 0.377392
11.08 0.828877 0.362981
11.09 0.832435 0.34842
11.1 0.835847 0.333712
11.11 0.83911 0.318863
11.12 0.842225 0.303878
11.13 0.845188 0.28876
11.14 0.848 0.273517
11.15 0.850659 0.258154
11.16 0.853164 0.242676
11.17 0.855513 0.227089
11.18 0.857706 0.2114
11.19 0.859742 0.195615
11.2 0.861619 0.17974
11.21 0.863337 0.163783
11.22 0.864895 0.147751
11.23 0.866293 0.13165
11.24 0.867529 0.115487
11.25 0.868603 0.0992706
11.26 0.869514 0.0830075
11.27 0.870263 0.0667052
11.28 0.870849 0.0503715
11.29 0.871271 0.034014
11.3 0.871529 0.0176404
11.31 0.871623 0.00125844
11.32 0.871554 -0.0151241
11.33 0.871321 -0.0314996
11.34 0.870924 -0.0478601
11.35 0.870364 -0.064198
11.36 0.86964 -0.0805055
11.37 0.868753 -0.0967752
11.38 0.867704 -0.112999
11.39 0.866493 -0.129171
11.4 0.865121 -0.145282
11.41 0.863587 -0.161326
11.42 0.861894 -0.177295
11.43 0.860041 -0.193182
11.44 0.85803 -0.208982
11.45 0.855861 -0.224686
11.46 0.853536 -0.240289
11.47 0.851055 -0.255784
11.48 0.848419 -0.271166
11.49 0.845631 -0.286428
11.5 0.84269 -0.301565
11.51 0.839599 -0.316571
11.52 0.836358 -0.331442
11.53 0.832969 -0.346172
11.54 0.829434 -0.360756
11.55 0.825754 -0.37519
11.56 0.821929 -0.38947
11.57 0.817963 -0.403591
11.58 0.813857 -0.417551
11.59 0.809612 -0.431345
11.6 0.805229 -0.44497
11.61 0.800711 -0.458423
11.62 0.79606 -0.471701
11.63 0.791276 -0.484802
11.64 0.786363 -0.497724
11.65 0.781321 -0.510463
11.66 0.776153 -0.523019
11.67 0.77086 -0.53539
11.68 0.765444 -0.547574
11.69 0.759907 -0.55957
11.7 0.754252 -0.571377
11.71 0.748479 -0.582995
11.72 0.742591 -0.594422
11.73 0.736589 -0.605658
11.74 0.730477 -0.616703
11.75 0.724254 -0.627557
11.76 0.717925 -0.63822
11.77 0.711489 -0.648692
11.78 0.70495 -0.658973
11.79 0.698309 -0.669065
11.8 0.691568 -0.678967
11.81 0.684728 -0.688681
11.82 0.677793 -0.698207
11.83 0.670763 -0.707547
11.84 0.663641 -0.716701
11.85 0.656428 -0.725672
11.86 0.649127 -0.734459
11.87 0.641738 -0.743065
11.88 0.634265 -0.751491
11.89 0.626708 -0.759739
11.9 0.619069 -0.76781
11.91 0.61135 -0.775707
11.92 0.603554 -0.78343
11.93 0.595681 -0.790981
11.94 0.587733 -0.798363
11.95 0.579713 -0.805578
11.96 0.571621 -0.812627
11.97 0.563459 -0.819511
11.98 0.55523 -0.826234
11.99 0.546934 -0.832798
12 0.538573 -0.839203
12.01 0.530149 -0.845453
12.02 0.521663 -0.851548
12.03 0.513117 -0.857492
12.04 0.504513 -0.863287
12.05 0.495851 -0.868933
12.06 0.487133 -0.874434
12.07 0.478362 -0.879791
12.08 0.469537 -0.885006
12.09 0.460661 -0.890082
12.1 0.451734 -0.89502
12.11 0.44276 -0.899822
12.12 0.433737 -0.904489
12.13 0.424669 -0.909025
12.14 0.415556 -0.913431
12.15 0.4064 -0.917708
12.16 0.397201 -0.921859
12.17 0.387962 -0.925884
12.18 0.378683 -0.929787
12.19 0.369366 -0.933568
12.2 0.360011 -0.93723
12.21 0.35062 -0.940773
12.22 0.341195 -0.9442
12.23 0.331736 -0.947512
12.24 0.322244 -0.950711
12.25 0.312721 -0.953797
12.26 0.303168 -0.956773
12.27 0.293585 -0.95964
12.28 0.283974 -0.962399
12.29 0.274337 -0.965052
12.3 0.264673 -0.967599
12.31 0.254984 -0.970042
12.32 0.245271 -0.972383
12.33 0.235536 -0.974622
12.34 0.225778 -0.97676
12.35 0.216 -0.978799
12.36 0.206202 -0.980739
12.37 0.196385 -0.982581
12.38 0.18655 -0.984327
12.39 0.176698 -0.985977
12.4 0.16683 -0.987532
12.41 0.156947 -0.988992
12.42 0.14705 -0.99036
12.43 0.137139 -0.991634
12.44 0.127216 -0.992816
12.45 0.117282 -0.993907
12.46 0.107338 -0.994907
12.47 0.0973838 -0.995816
12.48 0.0874211 -0.996635
12.49 0.0774506 -0.997365
12.5 0.0674733 -0.998005
12.51 0.0574901 -0.998556
12.52 0.0475017 -0.999019
12.53 0.0375092 -0.999393
12.54 0.0275134 -0.999679
12.55 0.0175152 -0.999877
12.56 0.00751546 -0.999987
12.57 -0.00248496 -1.00001
12.58 -0.0124852 -0.999943
12.59 -0.0224843 -0.99979
12.6 -0.0324814 -0.999548
12.61 -0.0424757 -0.999218
12.62 -0.0524662 -0.9988
12.63 -0.0624521 -0.998293
12.64 -0.0724325 -0.997698
12.65 -0.0824065 -0.997013
12.66 -0.0923732 -0.996239
12.67 -0.102332 -0.995375
12.68 -0.112281 -0.994421
12.69 -0.122221 -0.993376
12.7 -0.132149 -0.99224
12.71 -0.142066 -0.991012
12.72 -0.15197 -0.989691
12.73 -0.16186 -0.988278
12.74 -0.171736 -0.98677
12.75 -0.181596 -0.985168
12.76 -0.19144 -0.983471
12.77 -0.201266 -0.981677
12.78 -0.211074 -0.979786
12.79 -0.220862 -0.977797
12.8 -0.23063 -0.975709
12.81 -0.240377 -0.973521
12.82 -0.250101 -0.971232
12.83 -0.259802 -0.968841
12.84 -0.269478 -0.966346
12.85 -0.279129 -0.963746
12.86 -0.288754 -0.961041
12.87 -0.298351 -0.958228
12.88 -0.307919 -0.955307
12.89 -0.317457 -0.952277
12.9 -0.326965 -0.949135
12.91 -0.336441 -0.94588
12.92 -0.345883 -0.942511
12.93 -0.355291 -0.939026
12.94 -0.364664 -0.935424
12.95 -0.374001 -0.931704
12.96 -0.383299 -0.927862
12.97 -0.392558 -0.923898
12.98 -0.401778 -0.919811
12.99 -0.410955 -0.915598
13 -0.42009 -0.911257
13.01 -0.429181 -0.906787
13.02 -0.438227 -0.902185
13.03 -0.447225 -0.897451
13.04 -0.456176 -0.892582
13.05 -0.465078 -0.887576
13.06 -0.473928 -0.882431
13.07 -0.482727 -0.877146
13.08 -0.491472 -0.871717
13.09 -0.500162 -0.866145
13.1 -0.508796 -0.860425
13.11 -0.517371 -0.854556
13.12 -0.525888 -0.848537
13.13 -0.534343 -0.842365
13.14 -0.542736 -0.836039
13.15 -0.551064 -0.829555
13.16 -0.559327 -0.822913
13.17 -0.567523 -0.816109
13.18 -0.57565 -0.809143
13.19 -0.583707 -0.802013
13.2 -0.591692 -0.794715
13.21 -0.599602 -0.787249
13.22 -0.607437 -0.779613
13.23 -0.615195 -0.771804
13.24 -0.622874 -0.763821
13.25 -0.630473 -0.755662
13.26 -0.637988 -0.747326
13.27 -0.64542 -0.73881
13.28 -0.652766 -0.730114
13.29 -0.660023 -0.721236
13.3 -0.667191 -0.712175
13.31 -0.674268 -0.702928
13.32 -0.681251 -0.693496
13.33 -0.688138 -0.683877
13.34 -0.694929 -0.67407
13.35 -0.701621 -0.664073
13.36 -0.708212 -0.653888
13.37 -0.714699 -0.643512
13.38 -0.721083 -0.632945
13.39 -0.727359 -0.622187
13.4 -0.733527 -0.611239
13.41 -0.739585 -0.600099
13.42 -0.74553 -0.588768
13.43 -0.751361 -0.577246
13.44 -0.757076 -0.565534
13.45 -0.762673 -0.553633
13.46 -0.76815 -0.541544
13.47 -0.773505 -0.529267
13.48 -0.778736 -0.516804
13.49 -0.783842 -0.504157
13.5 -0.78882 -0.491327
13.51 -0.793669 -0.478316
13.52 -0.798387 -0.465127
13.53 -0.802973 -0.451761
13.54 -0.807423 -0.438223
13.55 -0.811738 -0.424513
13.56 -0.815915 -0.410637
13.57 -0.819952 -0.396597
13.58 -0.823847 -0.382396
13.59 -0.8276 -0.368039
13.6 -0.831209 -0.35353
13.61 -0.834672 -0.338873
13.62 -0.837987 -0.324073
13.63 -0.841154 -0.309134
13.64 -0.844171 -0.294062
13.65 -0.847036 -0.278863
13.66 -0.849748 -0.263541
13.67 -0.852307 -0.248102
13.68 -0.854711 -0.232552
13.69 -0.856959 -0.216898
13.7 -0.85905 -0.201146
13.71 -0.860982 -0.185302
13.72 -0.862756 -0.169373
13.73 -0.86437 -0.153366
13.74 -0.865824 -0.137288
13.75 -0.867116 -0.121146
13.76 -0.868247 -0.104947
13.77 -0.869215 -0.0886996
13.78 -0.870021 -0.0724102
13.79 -0.870664 -0.0560865
13.8 -0.871143 -0.0397364
13.81 -0.871459 -0.0233675
13.82 -0.871611 -0.00698747
13.83 -0.871598 0.00939585
13.84 -0.871423 0.0257747
13.85 -0.871083 0.0421414
13.86 -0.87058 0.0584881
13.87 -0.869913 0.0748073
13.88 -0.869083 0.0910911
13.89 -0.868091 0.107332
13.9 -0.866937 0.123523
13.91 -0.86562 0.139656
13.92 -0.864143 0.155724
13.93 -0.862506 0.17172
13.94 -0.860708 0.187637
13.95 -0.858752 0.203468
13.96 -0.856639 0.219206
13.97 -0.854368 0.234846
13.98 -0.851941 0.250379
13.99 -0.84936 0.265802
14 -0.846625 0.281106
14.01 -0.843737 0.296288
14.02 -0.840698 0.31134
14.03 -0.83751 0.326259
14.04 -0.834172 0.341039
14.05 -0.830688 0.355674
14.06 -0.827058 0.370161
14.07 -0.823284 0.384496
14.08 -0.819368 0.398673
14.09 -0.81531 0.41269
14.1 -0.811113 0.426542
14.11 -0.806778 0.440226
14.12 -0.802308 0.45374
14.13 -0.797703 0.46708
14.14 -0.792965 0.480243
14.15 -0.788097 0.493228
14.16 -0.7831 0.506031
14.17 -0.777975 0.518652
14.18 -0.772726 0.531087
14.19 -0.767353 0.543337
14.2 -0.761858 0.555399
14.21 -0.756244 0.567272
14.22 -0.750512 0.578956
14.23 -0.744664 0.59045
14.24 -0.738702 0.601753
14.25 -0.732628 0.612865
14.26 -0.726443 0.623785
14.27 -0.720151 0.634515
14.28 -0.713752 0.645054
14.29 -0.707249 0.655402
14.3 -0.700643 0.66556
14.31 -0.693937 0.675528
14.32 -0.687132 0.685308
14.33 -0.68023 0.6949
14.34 -0.673233 0.704305
14.35 -0.666143 0.713524
14.36 -0.658961 0.722558
14.37 -0.651691 0.731409
14.38 -0.644332 0.740079
14.39 -0.636888 0.748568
14.4 -0.62936 0.756878
14.41 -0.62175 0.765011
14.42 -0.614059 0.772968
14.43 -0.606289 0.780751
14.44 -0.598443 0.788363
14.45 -0.590521 0.795804
14.46 -0.582526 0.803077
14.47 -0.574459 0.810183
14.48 -0.566322 0.817125
14.49 -0.558116 0.823904
14.5 -0.549843 0.830523
14.51 -0.541504 0.836984
14.52 -0.533102 0.843288
14.53 -0.524638 0.849437
14.54 -0.516113 0.855434
14.55 -0.507528 0.86128
14.56 -0.498886 0.866978
14.57 -0.490188 0.87253
14.58 -0.481435 0.877937
14.59 -0.472629 0.883201
14.6 -0.46377 0.888326
14.61 -0.454861 0.893311
14.62 -0.445903 0.89816
14.63 -0.436898 0.902875
14.64 -0.427845 0.907457
14.65 -0.418748 0.911908
14.66 -0.409606 0.91623
14.67 -0.400422 0.920424
14.68 -0.391197 0.924493
14.69 -0.381932 0.928439
14.7 -0.372628 0.932263
14.71 -0.363286 0.935966
14.72 -0.353908 0.93955
14.73 -0.344495 0.943018
14.74 -0.335047 0.94637
14.75 -0.325567 0.949608
14.76 -0.316054 0.952733
14.77 -0.306511 0.955748
14.78 -0.296939 0.958653
14.79 -0.287338 0.961449
14.8 -0.277709 0.964139
14.81 -0.268054 0.966723
14.82 -0.258374 0.969202
14.83 -0.24867 0.971579
14.84 -0.238942 0.973853
14.85 -0.229192 0.976026
14.86 -0.219421 0.9781
14.87 -0.20963 0.980074
14.88 -0.199819 0.98195
14.89 -0.18999 0.98373
14.9 -0.180144 0.985413
14.91 -0.170282 0.987001
14.92 -0.160404 0.988495
14.93 -0.150511 0.989895
14.94 -0.140605 0.991201
14.95 -0.130687 0.992416
14.96 -0.120756 0.993539
14.97 -0.110815 0.99457
14.98 -0.100865 0.995511
14.99 -0.0909048 0.996361
15 -0.0809373 0.997122
