0 0 0
0.01 1.5e-07 4.4e-05
0.02 1.2e-06 5.6e-05
0.03 2.8e-06 3.7e-05
0.04 4.6e-06 1.5e-05
0.05 6.3e-06 9.8e-05
0.06 7.7e-06 0.000211
0.07 8.4e-06 0.000356
0.08 8e-06 0.000531
0.09 6.4e-06 0.000737
0.1 3.2e-06 0.000972
0.11 2e-06 0.001236
0.12 9e-06 0.001529
0.13 1.9e-05 0.00185
0.14 3.2e-05 0.002198
0.15 4.8e-05 0.002572
0.16 6.6e-05 0.002972
0.17 8.9e-05 0.003397
0.18 0.000114 0.003846
0.19 0.000145 0.004318
0.2 0.000179 0.004813
0.21 0.000218 0.005328
0.22 0.000262 0.005865
0.23 0.00031 0.00642
0.24 0.000364 0.006993
0.25 0.000422 0.007582
0.26 0.000486 0.008189
0.27 0.000556 0.00881
0.28 0.000631 0.009444
0.29 0.000713 0.01009
0.3 0.0008 0.010748
0.31 0.000893 0.011415
0.32 0.000992 0.012092
0.33 0.001097 0.012775
0.34 0.001209 0.013465
0.35 0.001327 0.014159
0.36 0.001451 0.014858
0.37 0.001582 0.01556
0.38 0.001719 0.016262
0.39 0.001863 0.016965
0.4 0.002013 0.017667
0.41 0.002169 0.018366
0.42 0.002332 0.019063
0.43 0.002501 0.019754
0.44 0.002677 0.020441
0.45 0.002859 0.02112
0.46 0.003046 0.021793
0.47 0.003241 0.022457
0.48 0.003441 0.023111
0.49 0.003646 0.023755
0.5 0.003857 0.024388
0.51 0.004075 0.025008
0.52 0.004297 0.025616
0.53 0.004525 0.026211
0.54 0.004758 0.026791
0.55 0.004996 0.027357
0.56 0.005239 0.027908
0.57 0.005486 0.028444
0.58 0.005739 0.028964
0.59 0.005996 0.029468
0.6 0.006257 0.029956
0.61 0.006522 0.030427
0.62 0.00679 0.030882
0.63 0.007064 0.031322
0.64 0.00734 0.031746
0.65 0.007619 0.032153
0.66 0.007903 0.032545
0.67 0.008188 0.032923
0.68 0.008477 0.033287
0.69 0.008768 0.033637
0.7 0.009063 0.033975
0.71 0.009359 0.0343
0.72 0.009659 0.034615
0.73 0.009959 0.034921
0.74 0.010263 0.035218
0.75 0.010568 0.035508
0.76 0.010876 0.035791
0.77 0.011185 0.036071
0.78 0.011496 0.036348
0.79 0.011809 0.036624
0.8 0.012124 0.036901
0.81 0.01244 0.037181
0.82 0.012759 0.037464
0.83 0.013079 0.037755
0.84 0.013401 0.038053
0.85 0.013726 0.038363
0.86 0.014052 0.038685
0.87 0.014381 0.039022
0.88 0.014712 0.039375
0.89 0.015045 0.039747
0.9 0.015382 0.04014
0.91 0.015722 0.040556
0.92 0.016064 0.040996
0.93 0.016411 0.041464
0.94 0.01676 0.041959
0.95 0.017115 0.042485
0.96 0.017473 0.043042
0.97 0.017837 0.043632
0.98 0.018204 0.044257
0.99 0.018577 0.044916
1 0.018957 0.045612
1.01 0.019343 0.046343
1.02 0.019734 0.047111
1.03 0.020134 0.047916
1.04 0.02054 0.048757
1.05 0.020954 0.049635
1.06 0.021376 0.050547
1.07 0.021806 0.051493
1.08 0.022245 0.052472
1.09 0.022693 0.05348
1.1 0.023151 0.054518
1.11 0.023619 0.055581
1.12 0.024097 0.056669
1.13 0.024585 0.057775
1.14 0.025083 0.058899
1.15 0.025594 0.060037
1.16 0.026113 0.0611828
1.17 0.026645 0.0623352
1.18 0.027189 0.0634895
1.19 0.027742 0.0646401
1.2 0.028308 0.0657826
1.21 0.028884 0.0669134
1.22 0.029471 0.0680271
1.23 0.030071 0.0691194
1.24 0.03068 0.0701854
1.25 0.0313 0.0712205
1.26 0.03193 0.0722203
1.27 0.03257 0.0731804
1.28 0.03322 0.0740962
1.29 0.03388 0.0749643
1.3 0.034548 0.075781
1.31 0.035224 0.0765419
1.32 0.035908 0.077245
1.33 0.0366 0.077886
1.34 0.037297 0.078462
1.35 0.038001 0.078974
1.36 0.038711 0.079417
1.37 0.039425 0.07979
1.38 0.040145 0.080092
1.39 0.040867 0.080323
1.4 0.041591 0.080482
1.41 0.042318 0.08057
1.42 0.043047 0.080585
1.43 0.043776 0.080531
1.44 0.044505 0.080406
1.45 0.045233 0.080213
1.46 0.045961 0.079953
1.47 0.046686 0.079629
1.48 0.047409 0.079242
1.49 0.048129 0.078794
1.5 0.048845 0.078289
1.51 0.049556 0.07773
1.52 0.050263 0.077118
1.53 0.050965 0.076458
1.54 0.051661 0.075753
1.55 0.05235 0.075005
1.56 0.053033 0.074219
1.57 0.053709 0.073398
1.58 0.054377 0.072545
1.59 0.055039 0.071663
1.6 0.055692 0.070757
1.61 0.056337 0.069829
1.62 0.056973 0.068883
1.63 0.057602 0.067922
1.64 0.058221 0.06695
1.65 0.058831 0.06597
1.66 0.059434 0.064984
1.67 0.060026 0.063995
1.68 0.06061 0.063007
1.69 0.061186 0.062023
1.7 0.061751 0.061044
1.71 0.062309 0.060073
1.72 0.062857 0.059112
1.73 0.063397 0.058164
1.74 0.063929 0.057231
1.75 0.064452 0.056314
1.76 0.064967 0.055415
1.77 0.065473 0.054535
1.78 0.065972 0.053676
1.79 0.066464 0.052839
1.8 0.066947 0.052026
1.81 0.067423 0.051237
1.82 0.067893 0.050473
1.83 0.068356 0.049735
1.84 0.068813 0.049023
1.85 0.069263 0.048337
1.86 0.069706 0.047678
1.87 0.070145 0.047046
1.88 0.070577 0.046442
1.89 0.071005 0.045864
1.9 0.071428 0.045314
1.91 0.071847 0.044789
1.92 0.07226 0.044291
1.93 0.072669 0.043817
1.94 0.073075 0.04337
1.95 0.073477 0.042946
1.96 0.073875 0.042546
1.97 0.07427 0.042168
1.98 0.074663 0.041812
1.99 0.075052 0.041477
2 0.075439 0.041161
2.01 0.075822 0.040864
2.02 0.076204 0.040584
2.03 0.076585 0.040321
2.04 0.076962 0.040071
2.05 0.077338 0.039837
2.06 0.077713 0.039614
2.07 0.078086 0.039401
2.08 0.078458 0.039198
2.09 0.078828 0.039002
2.1 0.079196 0.038813
2.11 0.079564 0.038629
2.12 0.07993 0.038448
2.13 0.080295 0.03827
2.14 0.080659 0.038091
2.15 0.081022 0.037912
2.16 0.081383 0.03773
2.17 0.081744 0.037544
2.18 0.082103 0.037352
2.19 0.082461 0.037153
2.2 0.082817 0.036945
2.21 0.083172 0.036727
2.22 0.083524 0.036497
2.23 0.083875 0.036256
2.24 0.084225 0.035999
2.25 0.084573 0.03573
2.26 0.084917 0.035436
2.27 0.08526 0.035124
2.28 0.0856 0.034803
2.29 0.085938 0.034452
2.3 0.086272 0.034081
2.31 0.086604 0.033687
2.32 0.086932 0.033271
2.33 0.0872559 0.032822
2.34 0.0875756 0.032358
2.35 0.0878918 0.031858
2.36 0.0882032 0.031333
2.37 0.0885096 0.03078
2.38 0.0888108 0.030201
2.39 0.0891066 0.029583
2.4 0.0893977 0.028937
2.41 0.0896819 0.028261
2.42 0.0899602 0.027556
2.43 0.0902316 0.026811
2.44 0.0904962 0.026035
2.45 0.0907534 0.025228
2.46 0.091003 0.02438
2.47 0.0912447 0.023511
2.48 0.091478 0.0226
2.49 0.0917026 0.021658
2.5 0.0919183 0.020673
2.51 0.0921246 0.019666
2.52 0.0923212 0.018617
2.53 0.0925077 0.017536
2.54 0.0926837 0.016413
2.55 0.0928491 0.015269
2.56 0.0930036 0.014082
2.57 0.0931472 0.012864
2.58 0.0932778 0.011614
2.59 0.0933972 0.010333
2.6 0.0935043 0.009022
2.61 0.0935981 0.00768
2.62 0.093679 0.006298
2.63 0.093747 0.004891
2.64 0.093802 0.003453
2.65 0.093842 0.001986
2.66 0.093868 0.00049
2.67 0.09388 0.001034
2.68 0.093876 0.002585
2.69 0.093858 0.004164
2.7 0.093824 0.005768
2.71 0.093776 0.007396
2.72 0.093711 0.009051
2.73 0.09363 0.010729
2.74 0.093533 0.012429
2.75 0.093419 0.014151
2.76 0.093289 0.015895
2.77 0.093142 0.01766
2.78 0.092976 0.019444
2.79 0.092795 0.021248
2.8 0.092596 0.02307
2.81 0.092378 0.02491
2.82 0.092144 0.026766
2.83 0.09189 0.028639
2.84 0.091619 0.030527
2.85 0.09133 0.03243
2.86 0.091022 0.034348
2.87 0.090695 0.036279
2.88 0.09035 0.038224
2.89 0.089987 0.040182
2.9 0.089603 0.042151
2.91 0.089201 0.044132
2.92 0.08878 0.046124
2.93 0.088339 0.048128
2.94 0.087879 0.050142
2.95 0.087399 0.052167
2.96 0.0869 0.054203
2.97 0.086381 0.056248
2.98 0.085843 0.058304
2.99 0.085284 0.060371
3 0.084706 0.062447
3.01 0.084107 0.064534
3.02 0.083488 0.066631
3.03 0.082849 0.068739
3.04 0.082189 0.070859
3.05 0.081509 0.07299
3.06 0.080809 0.075133
3.07 0.080089 0.077288
3.08 0.079347 0.079458
3.09 0.078584 0.08164
3.1 0.0778 0.083839
3.11 0.076995 0.086052
3.12 0.076169 0.088282
3.13 0.075321 0.09053
3.14 0.074452 0.092795
3.15 0.07356 0.095081
3.16 0.072647 0.097388
3.17 0.071711 0.099717
3.18 0.070753 0.102068
3.19 0.069773 0.104444
3.2 0.068769 0.106847
3.21 0.067743 0.109276
3.22 0.066693 0.111735
3.23 0.065618 0.114223
3.24 0.064522 0.116744
3.25 0.063399 0.119296
3.26 0.062253 0.121883
3.27 0.061082 0.124506
3.28 0.059884 0.127164
3.29 0.058662 0.129861
3.3 0.057414 0.132596
3.31 0.056139 0.135372
3.32 0.054837 0.138188
3.33 0.053508 0.141045
3.34 0.052151 0.143944
3.35 0.050768 0.146884
3.36 0.049354 0.149867
3.37 0.047913 0.152892
3.38 0.046442 0.155958
3.39 0.044941 0.159065
3.4 0.043409 0.16221
3.41 0.041848 0.165394
3.42 0.040255 0.168614
3.43 0.038632 0.171869
3.44 0.036977 0.175154
3.45 0.03529 0.178468
3.46 0.03357 0.181807
3.47 0.031818 0.185169
3.48 0.030033 0.188546
3.49 0.028216 0.191937
3.5 0.026365 0.195335
3.51 0.024482 0.198735
3.52 0.022564 0.202131
3.53 0.020614 0.205518
3.54 0.018631 0.208886
3.55 0.016615 0.212231
3.56 0.014566 0.215545
3.57 0.012485 0.21882
3.58 0.010371 0.222047
3.59 0.008226 0.225221
3.6 0.00605 0.228331
3.61 0.003843 0.23137
3.62 0.001608 0.23433
3.63 0.000658 0.237202
3.64 0.002952 0.239978
3.65 0.005272 0.24265
3.66 0.00762 0.245211
3.67 0.009992 0.247653
3.68 0.012389 0.249968
3.69 0.014808 0.25215
3.7 0.017249 0.254192
3.71 0.019709 0.256088
3.72 0.02219 0.257833
3.73 0.024686 0.259423
3.74 0.027198 0.260852
3.75 0.029725 0.262118
3.76 0.032265 0.263217
3.77 0.034815 0.264146
3.78 0.037375 0.264905
3.79 0.039942 0.26549
3.8 0.042516 0.265904
3.81 0.045093 0.266145
3.82 0.047672 0.266215
3.83 0.050253 0.266115
3.84 0.052833 0.265847
3.85 0.055411 0.265413
3.86 0.057984 0.264816
3.87 0.060553 0.264062
3.88 0.063113 0.263152
3.89 0.065666 0.262093
3.9 0.068207 0.260889
3.91 0.070737 0.259546
3.92 0.073255 0.258068
3.93 0.075758 0.256461
3.94 0.078245 0.254733
3.95 0.080716 0.252889
3.96 0.083169 0.250935
3.97 0.085604 0.248879
3.98 0.088018 0.246725
3.99 0.090412 0.244484
4 0.092783 0.242158
4.01 0.095133 0.239757
4.02 0.097459 0.237286
4.03 0.099761 0.234752
4.04 0.102038 0.232161
4.05 0.104292 0.229519
4.06 0.106518 0.226834
4.07 0.10872 0.224111
4.08 0.110894 0.221356
4.09 0.113042 0.218573
4.1 0.115162 0.21577
4.11 0.117256 0.212952
4.12 0.119323 0.210121
4.13 0.121362 0.207285
4.14 0.123374 0.204448
4.15 0.125358 0.201613
4.16 0.127316 0.198786
4.17 0.129245 0.195968
4.18 0.131147 0.193165
4.19 0.133023 0.19038
4.2 0.134872 0.187615
4.21 0.136693 0.184874
4.22 0.138488 0.182159
4.23 0.140257 0.179472
4.24 0.142 0.176816
4.25 0.143718 0.174193
4.26 0.145411 0.171603
4.27 0.147078 0.169048
4.28 0.14872 0.166531
4.29 0.150339 0.164051
4.3 0.151934 0.161611
4.31 0.153505 0.159209
4.32 0.155052 0.156847
4.33 0.156577 0.154526
4.34 0.15808 0.152244
4.35 0.159562 0.150003
4.36 0.161022 0.147801
4.37 0.16246 0.145639
4.38 0.163878 0.143516
4.39 0.165274 0.141432
4.4 0.166652 0.139386
4.41 0.168009 0.137375
4.42 0.169348 0.135402
4.43 0.170667 0.133463
4.44 0.171968 0.131557
4.45 0.173251 0.129684
4.46 0.174516 0.127842
4.47 0.175763 0.126029
4.48 0.176993 0.124245
4.49 0.178205 0.122487
4.5 0.1794 0.120754
4.51 0.18058 0.119045
4.52 0.181743 0.117357
4.53 0.18289 0.115688
4.54 0.184021 0.114038
4.55 0.185135 0.112404
4.56 0.186234 0.110787
4.57 0.187318 0.109175
4.58 0.188386 0.107578
4.59 0.18944 0.105992
4.6 0.190477 0.104417
4.61 0.191499 0.10284
4.62 0.192507 0.10127
4.63 0.1935 0.099695
4.64 0.194477 0.098122
4.65 0.195439 0.096551
4.66 0.196386 0.09497
4.67 0.197318 0.093387
4.68 0.198235 0.0918
4.69 0.199136 0.090198
4.7 0.200022 0.08859
4.71 0.200893 0.086964
4.72 0.201748 0.085328
4.73 0.202586 0.083681
4.74 0.203409 0.082003
4.75 0.204216 0.08032
4.76 0.205007 0.078613
4.77 0.20578 0.07688
4.78 0.206537 0.07513
4.79 0.207277 0.073351
4.8 0.208 0.071554
4.81 0.208705 0.069725
4.82 0.209393 0.067875
4.83 0.210062 0.065993
4.84 0.210713 0.064078
4.85 0.211346 0.062138
4.86 0.211959 0.060174
4.87 0.212554 0.058173
4.88 0.213129 0.056136
4.89 0.213683 0.054072
4.9 0.214218 0.05197
4.91 0.214732 0.04984
4.92 0.215226 0.047671
4.93 0.215697 0.045472
4.94 0.216148 0.043233
4.95 0.216577 0.040964
4.96 0.216983 0.038654
4.97 0.217366 0.036313
4.98 0.217727 0.033931
4.99 0.218064 0.031517
5 0.218378 0.029061
5.01 0.218668 0.026574
5.02 0.218933 0.024054
5.03 0.219173 0.021493
5.04 0.219388 0.018899
5.05 0.219579 0.016273
5.06 0.219742 0.013606
5.07 0.219879 0.010896
5.08 0.219991 0.008155
5.09 0.220075 0.005382
5.1 0.220132 0.002578
5.11 0.220161 0.000269
5.12 0.220162 0.00315
5.13 0.220135 0.006065
5.14 0.220079 0.009014
5.15 0.219994 0.011999
5.16 0.21988 0.015018
5.17 0.219736 0.018071
5.18 0.219561 0.021159
5.19 0.219357 0.024281
5.2 0.219122 0.027436
5.21 0.218855 0.030625
5.22 0.218557 0.033849
5.23 0.218227 0.037107
5.24 0.217865 0.040399
5.25 0.217472 0.043724
5.26 0.217044 0.047084
5.27 0.216584 0.050478
5.28 0.216092 0.053907
5.29 0.215564 0.057371
5.3 0.215003 0.06087
5.31 0.214407 0.064404
5.32 0.213776 0.067974
5.33 0.213111 0.071581
5.34 0.212409 0.075224
5.35 0.211672 0.078904
5.36 0.210899 0.082622
5.37 0.210088 0.086379
5.38 0.209242 0.090176
5.39 0.208357 0.094012
5.4 0.207435 0.09789
5.41 0.206475 0.10181
5.42 0.205475 0.105773
5.43 0.204438 0.10978
5.44 0.20336 0.113833
5.45 0.202243 0.117932
5.46 0.201085 0.122079
5.47 0.199886 0.126276
5.48 0.198647 0.130522
5.49 0.197365 0.134821
5.5 0.196041 0.139173
5.51 0.194674 0.143581
5.52 0.193264 0.148045
5.53 0.19181 0.152569
5.54 0.190311 0.157151
5.55 0.188767 0.161796
5.56 0.187178 0.166505
5.57 0.185543 0.171279
5.58 0.18386 0.176119
5.59 0.182129 0.181029
5.6 0.18035 0.18601
5.61 0.178523 0.191061
5.62 0.176645 0.196187
5.63 0.174717 0.201388
5.64 0.172738 0.206666
5.65 0.170706 0.212022
5.66 0.168622 0.217456
5.67 0.166485 0.22297
5.68 0.164293 0.228566
5.69 0.162047 0.234243
5.7 0.159744 0.240002
5.71 0.157384 0.245842
5.72 0.154968 0.251764
5.73 0.152493 0.257767
5.74 0.149958 0.26385
5.75 0.147364 0.270011
5.76 0.144709 0.276251
5.77 0.141992 0.282563
5.78 0.139214 0.288949
5.79 0.136373 0.295402
5.8 0.133468 0.301921
5.81 0.130498 0.3085
5.82 0.127463 0.315135
5.83 0.124364 0.321818
5.84 0.121198 0.328546
5.85 0.117967 0.33531
5.86 0.114669 0.342103
5.87 0.111303 0.348916
5.88 0.10787 0.355741
5.89 0.10437 0.362567
5.9 0.100803 0.369386
5.91 0.097169 0.376185
5.92 0.093467 0.382954
5.93 0.089699 0.389681
5.94 0.085864 0.396353
5.95 0.081964 0.402957
5.96 0.077998 0.409479
5.97 0.073968 0.415908
5.98 0.069875 0.422228
5.99 0.065719 0.428426
6 0.061502 0.434488
6.01 0.057226 0.4404
6.02 0.052891 0.446147
6.03 0.0485 0.451717
6.04 0.044053 0.457096
6.05 0.039554 0.462272
6.06 0.035003 0.467231
6.07 0.030404 0.471962
6.08 0.025759 0.476454
6.09 0.021069 0.480697
6.1 0.016337 0.48468
6.11 0.011566 0.488394
6.12 0.006758 0.491831
6.13 0.001917 0.494986
6.14 0.002955 0.49785
6.15 0.007855 0.50042
6.16 0.01278 0.502691
6.17 0.017729 0.50466
6.18 0.022696 0.506324
6.19 0.027679 0.507684
6.2 0.032676 0.508738
6.21 0.037682 0.509488
6.22 0.042696 0.509935
6.23 0.047714 0.510082
6.24 0.052734 0.509934
6.25 0.057751 0.509492
6.26 0.062764 0.508764
6.27 0.067771 0.507756
6.28 0.072766 0.506471
6.29 0.077749 0.504921
6.3 0.082716 0.503111
6.31 0.087666 0.501049
6.32 0.092595 0.498744
6.33 0.0975 0.496205
6.34 0.102381 0.493443
6.35 0.107234 0.490464
6.36 0.112058 0.487281
6.37 0.11685 0.483903
6.38 0.121609 0.480341
6.39 0.126332 0.476604
6.4 0.131019 0.472703
6.41 0.135667 0.468647
6.42 0.140274 0.464448
6.43 0.14484 0.460116
6.44 0.149363 0.45566
6.45 0.153843 0.451091
6.46 0.158277 0.446418
6.47 0.162666 0.44165
6.48 0.167006 0.436797
6.49 0.1713 0.43187
6.5 0.175544 0.426875
6.51 0.17974 0.421822
6.52 0.183886 0.416718
6.53 0.187981 0.411573
6.54 0.192026 0.406394
6.55 0.19602 0.401187
6.56 0.199963 0.39596
6.57 0.203854 0.390721
6.58 0.207693 0.385473
6.59 0.21148 0.380226
6.6 0.215217 0.374983
6.61 0.218901 0.369751
6.62 0.222535 0.364533
6.63 0.226117 0.359336
6.64 0.229648 0.354163
6.65 0.233128 0.349017
6.66 0.236558 0.343904
6.67 0.239937 0.338826
6.68 0.243267 0.333786
6.69 0.246548 0.328788
6.7 0.249779 0.323833
6.71 0.252961 0.318924
6.72 0.256096 0.314061
6.73 0.259182 0.309248
6.74 0.262222 0.304487
6.75 0.265215 0.299776
6.76 0.268162 0.295119
6.77 0.271063 0.290514
6.78 0.273919 0.285963
6.79 0.27673 0.281466
6.8 0.279498 0.277023
6.81 0.282222 0.272632
6.82 0.284903 0.268296
6.83 0.287542 0.264012
6.84 0.290138 0.259779
6.85 0.292693 0.255596
6.86 0.295208 0.251463
6.87 0.297682 0.247388
6.88 0.300115 0.243348
6.89 0.30251 0.239362
6.9 0.304865 0.235418
6.91 0.307182 0.231514
6.92 0.309461 0.227658
6.93 0.311702 0.223839
6.94 0.313906 0.220054
6.95 0.316072 0.216312
6.96 0.318202 0.2126
6.97 0.320295 0.208917
6.98 0.322353 0.20527
6.99 0.324374 0.201648
7 0.326361 0.198048
7.01 0.328312 0.194479
7.02 0.330228 0.190929
7.03 0.332109 0.187394
7.04 0.333956 0.183884
7.05 0.335768 0.180387
7.06 0.337547 0.1769
7.07 0.339291 0.173421
7.08 0.341 0.16996
7.09 0.342676 0.166502
7.1 0.344318 0.163048
7.11 0.345926 0.159594
7.12 0.347501 0.15614
7.13 0.349041 0.152693
7.14 0.350548 0.149231
7.15 0.35202 0.145773
7.16 0.353458 0.142307
7.17 0.354863 0.138831
7.18 0.356233 0.135354
7.19 0.357569 0.131854
7.2 0.358871 0.12834
7.21 0.360138 0.124819
7.22 0.36137 0.121281
7.23 0.362569 0.117725
7.24 0.363731 0.114148
7.25 0.364858 0.110549
7.26 0.36595 0.106927
7.27 0.367006 0.103291
7.28 0.368027 0.099629
7.29 0.369011 0.095931
7.3 0.369959 0.092214
7.31 0.37087 0.088479
7.32 0.371745 0.084704
7.33 0.372581 0.080907
7.34 0.373381 0.077079
7.35 0.374143 0.073217
7.36 0.374866 0.069322
7.37 0.375552 0.065402
7.38 0.376199 0.061447
7.39 0.376806 0.057455
7.4 0.377374 0.053426
7.41 0.377902 0.04937
7.42 0.37839 0.045276
7.43 0.378837 0.041152
7.44 0.379244 0.03698
7.45 0.379609 0.032778
7.46 0.379933 0.028535
7.47 0.380215 0.024252
7.48 0.380455 0.019938
7.49 0.380652 0.015573
7.5 0.380805 0.011176
7.51 0.380915 0.006738
7.52 0.380981 0.002257
7.53 0.381003 0.002271
7.54 0.38098 0.006838
7.55 0.380911 0.011449
7.56 0.380798 0.016104
7.57 0.380638 0.020805
7.58 0.380431 0.025551
7.59 0.380177 0.030344
7.6 0.379876 0.035186
7.61 0.379527 0.040076
7.62 0.379129 0.045015
7.63 0.378683 0.050006
7.64 0.378187 0.055048
7.65 0.377641 0.060144
7.66 0.377045 0.065294
7.67 0.376397 0.070499
7.68 0.375698 0.075763
7.69 0.374947 0.081084
7.7 0.374143 0.086466
7.71 0.373285 0.09191
7.72 0.372374 0.097416
7.73 0.371409 0.102988
7.74 0.370387 0.108627
7.75 0.36931 0.114335
7.76 0.368176 0.120113
7.77 0.366985 0.125966
7.78 0.365736 0.131893
7.79 0.364428 0.137898
7.8 0.363061 0.143983
7.81 0.361633 0.150151
7.82 0.360145 0.156402
7.83 0.358594 0.162742
7.84 0.35698 0.169171
7.85 0.355303 0.175693
7.86 0.353561 0.18231
7.87 0.351754 0.189027
7.88 0.349879 0.195844
7.89 0.347938 0.202766
7.9 0.345926 0.209794
7.91 0.343846 0.216933
7.92 0.341695 0.224185
7.93 0.339472 0.231552
7.94 0.337176 0.239039
7.95 0.334806 0.246648
7.96 0.33236 0.254382
7.97 0.329837 0.262243
7.98 0.327237 0.270234
7.99 0.324557 0.278357
8 0.321797 0.286616
8.01 0.318955 0.295012
8.02 0.316029 0.303546
8.03 0.31302 0.312222
8.04 0.309924 0.321039
8.05 0.30674 0.33
8.06 0.303467 0.339105
8.07 0.300104 0.348353
8.08 0.29665 0.357745
8.09 0.293102 0.367281
8.1 0.28946 0.376958
8.11 0.285721 0.386775
8.12 0.281886 0.396729
8.13 0.277951 0.406817
8.14 0.273916 0.417035
8.15 0.269781 0.427378
8.16 0.265542 0.43784
8.17 0.2612 0.448415
8.18 0.256753 0.459095
8.19 0.252199 0.469872
8.2 0.247539 0.480737
8.21 0.242771 0.491679
8.22 0.237895 0.502687
8.23 0.232909 0.513748
8.24 0.227814 0.524849
8.25 0.222608 0.535976
8.26 0.217293 0.547115
8.27 0.211865 0.558246
8.28 0.206329 0.569357
8.29 0.200683 0.580427
8.3 0.194926 0.591439
8.31 0.18906 0.602372
8.32 0.183086 0.613209
8.33 0.177004 0.623928
8.34 0.170816 0.63451
8.35 0.164523 0.644935
8.36 0.158127 0.65518
8.37 0.15163 0.665228
8.38 0.145032 0.675056
8.39 0.138338 0.684645
8.4 0.131548 0.693975
8.41 0.124667 0.703028
8.42 0.117696 0.711785
8.43 0.110637 0.720229
8.44 0.103496 0.728341
8.45 0.096275 0.73611
8.46 0.088977 0.743517
8.47 0.081605 0.75055
8.48 0.074164 0.757197
8.49 0.066657 0.763447
8.5 0.059089 0.769291
8.51 0.051463 0.774717
8.52 0.043784 0.779722
8.53 0.036056 0.784298
8.54 0.028283 0.788439
8.55 0.020469 0.792146
8.56 0.012619 0.795412
8.57 0.004737 0.798238
8.58 0.003173 0.800626
8.59 0.011106 0.802575
8.6 0.019056 0.804089
8.61 0.027022 0.805169
8.62 0.034999 0.805823
8.63 0.042981 0.806055
8.64 0.050964 0.805871
8.65 0.058946 0.805278
8.66 0.06692 0.804283
8.67 0.074885 0.802897
8.68 0.082835 0.801127
8.69 0.090767 0.798984
8.7 0.098677 0.796477
8.71 0.106561 0.793617
8.72 0.114417 0.790416
8.73 0.12224 0.786883
8.74 0.130028 0.783033
8.75 0.137777 0.778876
8.76 0.145485 0.774423
8.77 0.153146 0.769689
8.78 0.160762 0.764684
8.79 0.168327 0.759421
8.8 0.175839 0.753913
8.81 0.183297 0.748173
8.82 0.190696 0.742212
8.83 0.198037 0.736044
8.84 0.205315 0.729679
8.85 0.212531 0.723132
8.86 0.219681 0.716412
8.87 0.226764 0.709533
8.88 0.233778 0.702507
8.89 0.240723 0.695344
8.9 0.247596 0.688055
8.91 0.254397 0.680651
8.92 0.261124 0.673144
8.93 0.267776 0.665544
8.94 0.274354 0.65786
8.95 0.280854 0.650102
8.96 0.287278 0.642281
8.97 0.293624 0.634403
8.98 0.299892 0.626481
8.99 0.306081 0.61852
9 0.312191 0.610529
9.01 0.318222 0.602515
9.02 0.324174 0.594487
9.03 0.330046 0.586452
9.04 0.335839 0.578414
9.05 0.341552 0.570382
9.06 0.347185 0.562361
9.07 0.352738 0.554355
9.08 0.358214 0.546372
9.09 0.363609 0.538415
9.1 0.368926 0.530489
9.11 0.374164 0.522597
9.12 0.379325 0.514748
9.13 0.384408 0.506937
9.14 0.389413 0.499168
9.15 0.394343 0.491453
9.16 0.399196 0.483784
9.17 0.403972 0.476172
9.18 0.408674 0.468607
9.19 0.413301 0.461102
9.2 0.417854 0.453657
9.21 0.422334 0.446272
9.22 0.426741 0.438937
9.23 0.431075 0.431674
9.24 0.435338 0.424462
9.25 0.439529 0.41732
9.26 0.44365 0.41023
9.27 0.447701 0.403199
9.28 0.451683 0.396228
9.29 0.455595 0.389326
9.3 0.45944 0.382473
9.31 0.463218 0.375676
9.32 0.466928 0.368936
9.33 0.470572 0.36226
9.34 0.474149 0.355628
9.35 0.477661 0.349049
9.36 0.481109 0.34252
9.37 0.484492 0.336041
9.38 0.487811 0.32961
9.39 0.491067 0.323225
9.4 0.49426 0.316884
9.41 0.49739 0.310586
9.42 0.500459 0.304329
9.43 0.503465 0.298101
9.44 0.50641 0.29192
9.45 0.509295 0.285764
9.46 0.512117 0.279641
9.47 0.51488 0.27355
9.48 0.517583 0.267488
9.49 0.520226 0.261443
9.5 0.522809 0.255424
9.51 0.525333 0.249428
9.52 0.527798 0.243452
9.53 0.530203 0.237497
9.54 0.532551 0.231558
9.55 0.534838 0.225624
9.56 0.537068 0.219704
9.57 0.539239 0.213795
9.58 0.541351 0.207895
9.59 0.543406 0.201993
9.6 0.545401 0.196105
9.61 0.54734 0.190212
9.62 0.549219 0.184319
9.63 0.55104 0.178427
9.64 0.552803 0.172533
9.65 0.554508 0.166624
9.66 0.556154 0.16072
9.67 0.557742 0.154799
9.68 0.559271 0.148879
9.69 0.560741 0.142937
9.7 0.562153 0.136984
9.71 0.563506 0.131017
9.72 0.564799 0.125044
9.73 0.566034 0.119044
9.74 0.567209 0.113026
9.75 0.568325 0.106979
9.76 0.569379 0.10092
9.77 0.570375 0.094838
9.78 0.57131 0.088723
9.79 0.572185 0.082592
9.8 0.572999 0.076425
9.81 0.573752 0.070231
9.82 0.574443 0.064008
9.83 0.575072 0.057746
9.84 0.57564 0.051452
9.85 0.576144 0.045128
9.86 0.576587 0.03876
9.87 0.576966 0.032359
9.88 0.577281 0.025914
9.89 0.577532 0.019423
9.9 0.577719 0.012887
9.91 0.577841 0.00631
9.92 0.577898 0.000317
9.93 0.577889 0.006996
9.94 0.577813 0.013727
9.95 0.577672 0.020513
9.96 0.577462 0.027356
9.97 0.577184 0.034258
9.98 0.576838 0.041221
9.99 0.576422 0.048249
10 0.575937 0.055343
10.01 0.575382 0.062507
10.02 0.574755 0.069742
10.03 0.574056 0.077052
10.04 0.573285 0.08444
10.05 0.572439 0.091908
10.06 0.57152 0.099462
10.07 0.570526 0.107102
10.08 0.569456 0.114832
10.09 0.568309 0.122658
10.1 0.567084 0.130581
10.11 0.56578 0.138604
10.12 0.564397 0.146733
10.13 0.562932 0.154973
10.14 0.561386 0.163324
10.15 0.559757 0.171793
10.16 0.558043 0.180385
10.17 0.556244 0.189102
10.18 0.554358 0.197949
10.19 0.552385 0.206932
10.2 0.550321 0.216054
10.21 0.548167 0.225321
10.22 0.545921 0.234737
10.23 0.543582 0.244307
10.24 0.541147 0.254035
10.25 0.538615 0.263927
10.26 0.535985 0.273987
10.27 0.533255 0.28422
10.28 0.530422 0.294631
10.29 0.527486 0.305226
10.3 0.524446 0.316006
10.31 0.521297 0.326979
10.32 0.518039 0.338147
10.33 0.51467 0.349514
10.34 0.511188 0.361086
10.35 0.50759 0.372864
10.36 0.503876 0.384852
10.37 0.500042 0.397052
10.38 0.496086 0.409467
10.39 0.492008 0.422098
10.4 0.487803 0.434947
10.41 0.48347 0.448013
10.42 0.479008 0.461297
10.43 0.474413 0.474797
10.44 0.469684 0.48851
10.45 0.464817 0.502435
10.46 0.459813 0.516567
10.47 0.454668 0.530901
10.48 0.44938 0.545431
10.49 0.443948 0.56015
10.5 0.438368 0.575048
10.51 0.432642 0.590117
10.52 0.426764 0.605346
10.53 0.420735 0.62072
10.54 0.414553 0.636226
10.55 0.408217 0.651851
10.56 0.401725 0.667576
10.57 0.395076 0.683384
10.58 0.38827 0.699257
10.59 0.381306 0.715171
10.6 0.374184 0.731109
10.61 0.366903 0.747046
10.62 0.359463 0.762957
10.63 0.351866 0.778822
10.64 0.34411 0.794611
10.65 0.336197 0.810303
10.66 0.328128 0.825867
10.67 0.319904 0.841282
10.68 0.311527 0.856519
10.69 0.302998 0.871551
10.7 0.29432 0.886353
10.71 0.285495 0.9009
10.72 0.276525 0.915165
10.73 0.267413 0.929126
10.74 0.258163 0.942758
10.75 0.248777 0.956039
10.76 0.23926 0.968948
10.77 0.229614 0.981465
10.78 0.219843 0.99357
10.79 0.209953 1.00525
10.8 0.199947 1.01648
10.81 0.189829 1.02725
10.82 0.179605 1.03755
10.83 0.169278 1.04736
10.84 0.158856 1.05668
10.85 0.148339 1.06549
10.86 0.137737 1.07379
10.87 0.127052 1.08158
10.88 0.116289 1.08884
10.89 0.105456 1.09558
10.9 0.094556 1.10179
10.91 0.083595 1.10747
10.92 0.072578 1.11262
10.93 0.06151 1.11724
10.94 0.050397 1.12134
10.95 0.039245 1.12491
10.96 0.028057 1.12797
10.97 0.016839 1.13051
10.98 0.005597 1.13254
10.99 0.005663 1.13407
11 0.016939 1.1351
11.01 0.028224 1.13564
11.02 0.039514 1.1357
11.03 0.050803 1.13529
11.04 0.062087 1.13441
11.05 0.073361 1.13307
11.06 0.084622 1.13129
11.07 0.095864 1.12907
11.08 0.107082 1.12642
11.09 0.118274 1.12335
11.1 0.129435 1.11988
11.11 0.14056 1.11601
11.12 0.151645 1.11175
11.13 0.162687 1.10712
11.14 0.173682 1.10212
11.15 0.184626 1.09677
11.16 0.195517 1.09108
11.17 0.20635 1.08506
11.18 0.217123 1.07871
11.19 0.227831 1.07206
11.2 0.238472 1.06511
11.21 0.249043 1.05787
11.22 0.259542 1.05036
11.23 0.269966 1.04258
11.24 0.28031 1.03455
11.25 0.290575 1.02628
11.26 0.300757 1.01778
11.27 0.310853 1.00906
11.28 0.320862 1.00014
11.29 0.330781 0.991014
11.3 0.34061 0.981704
11.31 0.350345 0.972218
11.32 0.359985 0.962568
11.33 0.36953 0.952762
11.34 0.378975 0.942813
11.35 0.388322 0.932729
11.36 0.397567 0.922524
11.37 0.406711 0.912196
11.38 0.415752 0.901763
11.39 0.424689 0.891241
11.4 0.43352 0.880629
11.41 0.442247 0.869933
11.42 0.450865 0.859172
11.43 0.459378 0.84835
11.44 0.467782 0.837477
11.45 0.476078 0.826547
11.46 0.484266 0.815588
11.47 0.492344 0.804596
11.48 0.500313 0.793577
11.49 0.508173 0.782537
11.5 0.515922 0.771491
11.51 0.523561 0.760435
11.52 0.531091 0.749385
11.53 0.538512 0.738334
11.54 0.545822 0.727298
11.55 0.553022 0.716272
11.56 0.560114 0.705269
11.57 0.567096 0.694284
11.58 0.573968 0.683331
11.59 0.580733 0.672412
11.6 0.587388 0.661522
11.61 0.593936 0.650674
11.62 0.600376 0.639869
11.63 0.606708 0.629102
11.64 0.612935 0.618384
11.65 0.619055 0.607717
11.66 0.625069 0.597094
11.67 0.630978 0.586515
11.68 0.636782 0.576003
11.69 0.642481 0.565528
11.7 0.648078 0.555122
11.71 0.65357 0.544756
11.72 0.658961 0.53446
11.73 0.664249 0.524215
11.74 0.669435 0.51402
11.75 0.674521 0.503887
11.76 0.679506 0.493804
11.77 0.684391 0.483782
11.78 0.689178 0.473811
11.79 0.693866 0.463899
11.8 0.698455 0.454037
11.81 0.702947 0.444233
11.82 0.707341 0.434477
11.83 0.711639 0.424767
11.84 0.71584 0.415113
11.85 0.719946 0.405513
11.86 0.723958 0.395956
11.87 0.727873 0.38644
11.88 0.731696 0.376974
11.89 0.735424 0.367547
11.9 0.739058 0.358166
11.91 0.742601 0.348821
11.92 0.74605 0.339519
11.93 0.749407 0.330248
11.94 0.752672 0.321017
11.95 0.755846 0.311814
11.96 0.758929 0.302647
11.97 0.76192 0.293503
11.98 0.764822 0.284392
11.99 0.767633 0.275311
12 0.770354 0.266248
12.01 0.772985 0.257211
12.02 0.775526 0.248188
12.03 0.777977 0.239186
12.04 0.78034 0.230195
12.05 0.782614 0.221222
12.06 0.784798 0.212264
12.07 0.786894 0.203311
12.08 0.788901 0.194359
12.09 0.790819 0.185418
12.1 0.792648 0.176474
12.11 0.794389 0.167527
12.12 0.796041 0.158584
12.13 0.797604 0.149633
12.14 0.799078 0.140672
12.15 0.800463 0.1317
12.16 0.801759 0.122705
12.17 0.802966 0.113705
12.18 0.804083 0.104678
12.19 0.805111 0.095633
12.2 0.806049 0.086567
12.21 0.806896 0.07746
12.22 0.807654 0.06833
12.23 0.80832 0.059165
12.24 0.808896 0.049953
12.25 0.80938 0.040702
12.26 0.809771 0.031405
12.27 0.810071 0.022057
12.28 0.810278 0.012656
12.29 0.810391 0.003197
12.3 0.81041 0.006325
12.31 0.810334 0.015913
12.32 0.810164 0.025571
12.33 0.809896 0.035305
12.34 0.809533 0.045118
12.35 0.809071 0.055017
12.36 0.808511 0.065005
12.37 0.807851 0.075089
12.38 0.807092 0.085272
12.39 0.80623 0.09556
12.4 0.805268 0.105959
12.41 0.804201 0.116476
12.42 0.803028 0.127115
12.43 0.801751 0.137882
12.44 0.800366 0.148785
12.45 0.798873 0.159828
12.46 0.797269 0.171019
12.47 0.795554 0.182363
12.48 0.793726 0.193869
12.49 0.791784 0.205542
12.5 0.789725 0.21739
12.51 0.787549 0.229419
12.52 0.785251 0.241638
12.53 0.782833 0.254051
12.54 0.780291 0.266668
12.55 0.777623 0.279495
12.56 0.774828 0.29254
12.57 0.771902 0.305809
12.58 0.768845 0.31931
12.59 0.765652 0.333049
12.6 0.762323 0.347035
12.61 0.758854 0.361271
12.62 0.755243 0.375765
12.63 0.751487 0.390523
12.64 0.747586 0.405552
12.65 0.743533 0.420855
12.66 0.739328 0.436437
12.67 0.734968 0.452301
12.68 0.730449 0.468453
12.69 0.72577 0.484892
12.7 0.720927 0.501622
12.71 0.715916 0.518643
12.72 0.710736 0.535952
12.73 0.705384 0.553551
12.74 0.699856 0.571436
12.75 0.69415 0.5896
12.76 0.688262 0.608041
12.77 0.68219 0.626749
12.78 0.675933 0.645716
12.79 0.669485 0.664932
12.8 0.662846 0.684384
12.81 0.656013 0.704058
12.82 0.648984 0.723939
12.83 0.641756 0.744008
12.84 0.634328 0.764247
12.85 0.626699 0.784634
12.86 0.618865 0.805147
12.87 0.610828 0.825762
12.88 0.602585 0.846453
12.89 0.594136 0.867193
12.9 0.585479 0.887953
12.91 0.576616 0.908704
12.92 0.567545 0.929417
12.93 0.558268 0.95006
12.94 0.548785 0.970603
12.95 0.539098 0.991014
12.96 0.529206 1.01126
12.97 0.519114 1.03131
12.98 0.508821 1.05114
12.99 0.498331 1.07072
13 0.487645 1.09001
13.01 0.476767 1.10899
13.02 0.4657 1.12763
13.03 0.454447 1.1459
13.04 0.443013 1.16379
13.05 0.431399 1.18127
13.06 0.419612 1.19832
13.07 0.407655 1.21491
13.08 0.395533 1.23104
13.09 0.38325 1.24669
13.1 0.370811 1.26184
13.11 0.358222 1.27648
13.12 0.345488 1.2906
13.13 0.332611 1.3042
13.14 0.319601 1.31726
13.15 0.306461 1.32978
13.16 0.293197 1.34175
13.17 0.279812 1.35317
13.18 0.266315 1.36404
13.19 0.25271 1.37436
13.2 0.239003 1.38413
13.21 0.225199 1.39335
13.22 0.211303 1.40202
13.23 0.197322 1.41014
13.24 0.18326 1.41772
13.25 0.169124 1.42476
13.26 0.154918 1.43127
13.27 0.140647 1.43724
13.28 0.126318 1.44269
13.29 0.111935 1.44762
13.3 0.097504 1.45204
13.31 0.083029 1.45595
13.32 0.068517 1.45936
13.33 0.053971 1.46227
13.34 0.039397 1.46469
13.35 0.0248 1.46663
13.36 0.010184 1.4681
13.37 0.004445 1.46909
13.38 0.019084 1.46962
13.39 0.033726 1.46969
13.4 0.048369 1.46931
13.41 0.063006 1.46849
13.42 0.077635 1.46723
13.43 0.09225 1.46554
13.44 0.106847 1.46343
13.45 0.121422 1.4609
13.46 0.135971 1.45796
13.47 0.15049 1.45461
13.48 0.164973 1.45086
13.49 0.17942 1.44673
13.5 0.193823 1.4422
13.51 0.20818 1.4373
13.52 0.222487 1.43203
13.53 0.236741 1.42639
13.54 0.250938 1.42039
13.55 0.265073 1.41404
13.56 0.279144 1.40735
13.57 0.293148 1.40032
13.58 0.30708 1.39295
13.59 0.320938 1.38526
13.6 0.334718 1.37725
13.61 0.348418 1.36892
13.62 0.362033 1.3603
13.63 0.375562 1.35138
13.64 0.389001 1.34217
13.65 0.402346 1.33267
13.66 0.415597 1.32291
13.67 0.428748 1.31287
13.68 0.4418 1.30257
13.69 0.454747 1.29202
13.7 0.467589 1.28123
13.71 0.480322 1.2702
13.72 0.492945 1.25893
13.73 0.505454 1.24745
13.74 0.517849 1.23576
13.75 0.530126 1.22385
13.76 0.542283 1.21175
13.77 0.554319 1.19945
13.78 0.566232 1.18699
13.79 0.578021 1.17434
13.8 0.589682 1.16153
13.81 0.601216 1.14856
13.82 0.61262 1.13543
13.83 0.623892 1.12218
13.84 0.635031 1.10877
13.85 0.646038 1.09525
13.86 0.656909 1.08161
13.87 0.667643 1.06786
13.88 0.67824 1.05401
13.89 0.688699 1.04004
13.9 0.699019 1.02601
13.91 0.709197 1.01189
13.92 0.719236 0.997697
13.93 0.729133 0.983427
13.94 0.738887 0.969105
13.95 0.7485 0.954738
13.96 0.757968 0.940313
13.97 0.767293 0.925845
13.98 0.776474 0.911353
13.99 0.78551 0.896831
14 0.794402 0.882276
14.01 0.803148 0.867713
14.02 0.81175 0.853138
14.03 0.820206 0.838556
14.04 0.828518 0.823983
14.05 0.836685 0.809402
14.06 0.844705 0.79483
14.07 0.852582 0.780269
14.08 0.860314 0.765735
14.09 0.867901 0.751211
14.1 0.875343 0.736721
14.11 0.882642 0.722257
14.12 0.889797 0.707815
14.13 0.896808 0.693415
14.14 0.903676 0.679051
14.15 0.910401 0.664726
14.16 0.916985 0.650452
14.17 0.923425 0.63621
14.18 0.929725 0.622012
14.19 0.935884 0.60787
14.2 0.941902 0.593775
14.21 0.94778 0.579729
14.22 0.953518 0.565732
14.23 0.959119 0.551785
14.24 0.964579 0.537898
14.25 0.969903 0.524063
14.26 0.975089 0.510268
14.27 0.980137 0.496534
14.28 0.985049 0.482861
14.29 0.989826 0.469229
14.3 0.994467 0.455647
14.31 0.998974 0.442124
14.32 1.00334 0.42864
14.33 1.00758 0.415214
14.34 1.01169 0.401835
14.35 1.01566 0.388492
14.36 1.0195 0.375193
14.37 1.02321 0.361938
14.38 1.02678 0.348725
14.39 1.03023 0.335542
14.4 1.03354 0.322398
14.41 1.03673 0.309282
14.42 1.03978 0.296201
14.43 1.0427 0.283135
14.44 1.04549 0.27009
14.45 1.04816 0.257076
14.46 1.05069 0.244061
14.47 1.0531 0.231062
14.48 1.05537 0.218078
14.49 1.05752 0.205087
14.5 1.05954 0.192096
14.51 1.06142 0.179094
14.52 1.06318 0.166079
14.53 1.06481 0.153049
14.54 1.06631 0.140002
14.55 1.06768 0.126923
14.56 1.06892 0.113811
14.57 1.07004 0.10066
14.58 1.07101 0.087464
14.59 1.07186 0.074215
14.6 1.07258 0.060909
14.61 1.07316 0.047537
14.62 1.07361 0.034094
14.63 1.07393 0.020571
14.64 1.07411 0.006962
14.65 1.07416 0.006741
14.66 1.07407 0.020546
14.67 1.07384 0.03446
14.68 1.07348 0.048494
14.69 1.07297 0.062653
14.7 1.07233 0.076949
14.71 1.07154 0.091388
14.72 1.07061 0.105981
14.73 1.06953 0.120738
14.74 1.06831 0.135667
14.75 1.06693 0.150778
14.76 1.06541 0.16608
14.77 1.06373 0.181585
14.78 1.0619 0.197301
14.79 1.05992 0.213239
14.8 1.05777 0.229411
14.81 1.05546 0.245824
14.82 1.05299 0.26249
14.83 1.05035 0.279418
14.84 1.04755 0.296619
14.85 1.04457 0.314102
14.86 1.04142 0.331877
14.87 1.03809 0.349952
14.88 1.03458 0.368337
14.89 1.03089 0.38704
14.9 1.02701 0.406067
14.91 1.02294 0.425427
14.92 1.01868 0.445124
14.93 1.01422 0.465164
14.94 1.00956 0.485551
14.95 1.0047 0.506287
14.96 0.999634 0.527374
14.97 0.994355 0.548811
14.98 0.988862 0.570598
14.99 0.983152 0.59273
15 0.977221 0.615202
