0 0 0
0.1 0.0001469 0.004414
0.2 0.001184 0.005906
0.3 0.002849 0.005112
0.4 0.004967 0.003087
0.5 0.007487 0.001009
0.6 0.010493 0.000219
0.7 0.014172 0.00051
0.8 0.018708 0.001247
0.9 0.024113 0.005976
1 0.02998 0.020683
1.1 0.035202 0.052629
1.2 0.037831 0.106336
1.3 0.035365 0.177329
1.4 0.025699 0.250023
1.5 0.008303 0.306903
1.6 0.015515 0.340821
1.7 0.043622 0.35579
1.8 0.074175 0.359554
1.9 0.106024 0.358151
2 0.138571 0.354602
2.1 0.171506 0.349395
2.2 0.204566 0.341547
2.3 0.237403 0.329455
2.4 0.269532 0.31169
2.5 0.300345 0.287365
2.6 0.329167 0.256003
2.7 0.3553 0.216947
2.8 0.378001 0.168141
2.9 0.396345 0.104255
3 0.408894 0.013046
3.1 0.413003 0.132076
3.2 0.403381 0.386367
3.3 0.3692 0.841928
3.4 0.290415 1.50767
3.5 0.145983 2.02538
3.6 0.049368 2.19235
3.7 0.260776 2.18254
3.8 0.470878 2.10271
3.9 0.673047 1.99081
4 0.864438 1.86126
4.1 1.04358 1.72015
4.2 1.20949 1.57025
4.3 1.36136 1.40976
4.4 1.49811 1.22112
4.5 1.61684 0.917376
4.6 1.70596 0.376809
4.7 1.66632 17.7788
4.8 0.112955 20.7528
4.9 2.18912 20.7278
5 4.26232 19.983
5.1 6.26059 19.3491
5.2 8.19504 18.2592
5.3 10.02 1070.87
5.4 97.0685 1073.43
5.5 204.414 1054.68
5.6 309.885 1028.85
5.7 412.773 991.62
5.8 511.94 938.484
5.9 605.794 870.726
6 692.873 51.3042
6.1 687.749 152.002
6.2 672.557 239.611
6.3 648.604 332.579
6.4 615.354 437.626
6.5 571.599 547.659
6.6 516.84 662.562
6.7 450.59 888.14
6.8 361.782 947.955
6.9 266.99 6685.3
7 401.536 6747.25
7.1 1076.26 5735.44
7.2 1649.81 5434.43
7.3 2193.24 4615.58
7.4 2654.8 1500.72
7.5 2804.87 3610.53
7.6 2443.82 3995.27
7.7 2044.29 4299.85
7.8 1614.3 4568.17
7.9 1157.49 19809.8
8 823.488 19948.4
8.1 2818.33 19259
8.2 4744.22 16872.4
8.3 6431.46 16268
8.4 8058.26 5.50977e+06
8.5 542919 5.51964e+06
8.6 1.09488e+06 5.45347e+06
8.7 1.64023e+06 5.28783e+06
8.8 2.16901e+06 5.02498e+06
8.9 2.67151e+06 3.83194e+06
9 3.05471e+06 3.34384e+06
9.1 3.38909e+06 7.22433e+06
9.2 2.66666e+06 7.67971e+06
9.3 1.89869e+06 8.09245e+06
9.4 1.08944e+06 9.37336e+06
9.5 152104 9.57851e+06
9.6 805746 9.61908e+06
9.7 1.76765e+06 9.51665e+06
9.8 2.71932e+06 9.17836e+06
9.9 3.63716e+06 8.56251e+06
10 4.49341e+06 8.04818e+06
10.1 5.29822e+06 7.26139e+06
10.2 6.02436e+06 6.04354e+06
10.3 6.62872e+06 4.06624e+06
10.4 7.03534e+06 4.07179e+07
10.5 2.96355e+06 4.18732e+07
10.6 1.22377e+06 4.22343e+07
10.7 5.4472e+06 4.19427e+07
10.8 9.64147e+06 4.12808e+07
10.9 1.37696e+07 3.8969e+07
11 1.76665e+07 3.6212e+07
11.1 2.12877e+07 1.12041e+07
11.2 2.01672e+07 1.54377e+07
11.3 1.86235e+07 4.19058e+07
11.4 1.44329e+07 5.14307e+07
11.5 9.28982e+06 5.34521e+07
11.6 3.94461e+06 5.5728e+07
11.7 1.62819e+06 5.6481e+07
11.8 7.27629e+06 5.61984e+07
11.9 1.28961e+07 5.33346e+07
12 1.82296e+07 4.53723e+07
12.1 2.27668e+07 4.24886e+07
12.2 2.70157e+07 3.96453e+07
12.3 3.09802e+07 6.64985e+11
12.4 6.64676e+10 2.7695e+12
12.5 3.43417e+11 2.74218e+12
12.6 6.17635e+11 2.68478e+12
12.7 8.86113e+11 1.66819e+12
12.8 1.05293e+12 1.46006e+12
12.9 1.19894e+12 3.43569e+12
13 8.5537e+11 3.5887e+12
13.1 4.96499e+11 3.693e+12
13.2 1.27199e+11 3.7548e+12
13.3 2.48281e+11 6.93839e+12
13.4 9.4212e+11 6.89869e+12
13.5 1.63199e+12 6.66588e+12
13.6 2.29858e+12 5.56531e+12
13.7 2.85511e+12 5.28675e+12
13.8 3.38378e+12 3.78731e+12
13.9 3.76251e+12 9.14992e+12
14 2.84752e+12 1.10893e+13
14.1 1.73859e+12 1.14566e+13
14.2 5.92934e+11 1.24516e+13
14.3 6.52228e+11 1.25707e+13
14.4 1.9093e+12 1.24229e+13
14.5 3.15159e+12 1.20412e+13
14.6 4.35571e+12 1.12294e+13
14.7 5.47865e+12 1.01089e+13
14.8 6.48953e+12 9.45266e+12
14.9 7.4348e+12 7.18348e+12
15 8.15315e+12 6.0954e+12
