0 0 1
0.01 0.01 1
0.02 0.02 0.999912
0.03 0.0299991 0.999736
0.04 0.0399965 0.999472
0.05 0.0499912 0.99912
0.06 0.0599824 0.998679
0.07 0.0699692 0.99815
0.08 0.0799507 0.997532
0.09 0.089926 0.996825
0.1 0.0998943 0.996028
0.11 0.109855 0.995141
0.12 0.119806 0.994164
0.13 0.129748 0.993095
0.14 0.139679 0.991935
0.15 0.149598 0.990683
0.16 0.159505 0.989339
0.17 0.169398 0.987901
0.18 0.179277 0.986368
0.19 0.189141 0.984741
0.2 0.198988 0.983018
0.21 0.208818 0.981199
0.22 0.21863 0.979282
0.23 0.228423 0.977266
0.24 0.238196 0.975151
0.25 0.247947 0.972936
0.26 0.257677 0.970619
0.27 0.267383 0.968199
0.28 0.277065 0.965675
0.29 0.286722 0.963047
0.3 0.296352 0.960312
0.31 0.305955 0.957469
0.32 0.31553 0.954517
0.33 0.325075 0.951455
0.34 0.33459 0.948281
0.35 0.344072 0.944993
0.36 0.353522 0.941591
0.37 0.362938 0.938072
0.38 0.372319 0.934436
0.39 0.381663 0.93068
0.4 0.39097 0.926802
0.41 0.400238 0.922801
0.42 0.409466 0.918676
0.43 0.418653 0.914424
0.44 0.427797 0.910044
0.45 0.436898 0.905533
0.46 0.445953 0.90089
0.47 0.454962 0.896114
0.48 0.463923 0.891201
0.49 0.472835 0.886151
0.5 0.481697 0.88096
0.51 0.490506 0.875628
0.52 0.499262 0.870152
0.53 0.507964 0.86453
0.54 0.516609 0.858759
0.55 0.525197 0.852839
0.56 0.533725 0.846767
0.57 0.542193 0.84054
0.58 0.550598 0.834158
0.59 0.55894 0.827616
0.6 0.567216 0.820915
0.61 0.575425 0.814051
0.62 0.583566 0.807022
0.63 0.591636 0.799827
0.64 0.599634 0.792463
0.65 0.607559 0.784929
0.66 0.615408 0.777223
0.67 0.62318 0.769342
0.68 0.630874 0.761284
0.69 0.638487 0.753049
0.7 0.646017 0.744634
0.71 0.653463 0.736038
0.72 0.660824 0.727258
0.73 0.668096 0.718294
0.74 0.675279 0.709144
0.75 0.682371 0.699807
0.76 0.689369 0.69028
0.77 0.696272 0.680564
0.78 0.703077 0.670657
0.79 0.709784 0.660558
0.8 0.716389 0.650266
0.81 0.722892 0.639781
0.82 0.72929 0.629101
0.83 0.735581 0.618228
0.84 0.741763 0.607159
0.85 0.747835 0.595896
0.86 0.753794 0.584439
0.87 0.759638 0.572787
0.88 0.765366 0.56094
0.89 0.770975 0.548901
0.9 0.776464 0.536669
0.91 0.781831 0.524246
0.92 0.787074 0.511632
0.93 0.79219 0.49883
0.94 0.797178 0.485841
0.95 0.802037 0.472666
0.96 0.806763 0.459309
0.97 0.811356 0.445771
0.98 0.815814 0.432055
0.99 0.820135 0.418164
1 0.824316 0.404101
1.01 0.828357 0.389869
1.02 0.832256 0.375473
1.03 0.836011 0.360915
1.04 0.83962 0.346201
1.05 0.843082 0.331334
1.06 0.846395 0.316319
1.07 0.849558 0.30116
1.08 0.85257 0.285864
1.09 0.855429 0.270436
1.1 0.858133 0.25488
1.11 0.860682 0.239203
1.12 0.863074 0.223412
1.13 0.865308 0.207511
1.14 0.867383 0.191508
1.15 0.869298 0.175409
1.16 0.871052 0.159221
1.17 0.872644 0.142951
1.18 0.874074 0.126606
1.19 0.87534 0.110195
1.2 0.876442 0.0937226
1.21 0.877379 0.0771982
1.22 0.878151 0.0606292
1.23 0.878757 0.0440232
1.24 0.879198 0.0273882
1.25 0.879472 0.0107321
1.26 0.879579 -0.0059372
1.27 0.879519 -0.0226117
1.28 0.879293 -0.0392833
1.29 0.878901 -0.055944
1.3 0.878341 -0.0725859
1.31 0.877615 -0.0892009
1.32 0.876723 -0.105781
1.33 0.875665 -0.122319
1.34 0.874442 -0.138806
1.35 0.873054 -0.155236
1.36 0.871502 -0.1716
1.37 0.869786 -0.18789
1.38 0.867907 -0.204101
1.39 0.865866 -0.220224
1.4 0.863664 -0.236253
1.41 0.861301 -0.252181
1.42 0.858779 -0.268001
1.43 0.856099 -0.283707
1.44 0.853262 -0.299292
1.45 0.850269 -0.314752
1.46 0.847122 -0.330079
1.47 0.843821 -0.345268
1.48 0.840368 -0.360315
1.49 0.836765 -0.375214
1.5 0.833013 -0.38996
1.51 0.829113 -0.40455
1.52 0.825068 -0.418977
1.53 0.820878 -0.433239
1.54 0.816546 -0.447332
1.55 0.812072 -0.461252
1.56 0.80746 -0.474996
1.57 0.80271 -0.488561
1.58 0.797824 -0.501944
1.59 0.792805 -0.515143
1.6 0.787653 -0.528155
1.61 0.782372 -0.540978
1.62 0.776962 -0.553611
1.63 0.771426 -0.566052
1.64 0.765766 -0.578299
1.65 0.759983 -0.590352
1.66 0.754079 -0.60221
1.67 0.748057 -0.613871
1.68 0.741918 -0.625336
1.69 0.735665 -0.636604
1.7 0.729299 -0.647675
1.71 0.722822 -0.658549
1.72 0.716237 -0.669226
1.73 0.709544 -0.679707
1.74 0.702747 -0.689992
1.75 0.695847 -0.700081
1.76 0.688847 -0.709977
1.77 0.681747 -0.719679
1.78 0.67455 -0.729188
1.79 0.667258 -0.738507
1.8 0.659873 -0.747635
1.81 0.652397 -0.756575
1.82 0.644831 -0.765328
1.83 0.637178 -0.773896
1.84 0.629439 -0.782279
1.85 0.621616 -0.790481
1.86 0.613711 -0.798503
1.87 0.605726 -0.806346
1.88 0.597663 -0.814012
1.89 0.589522 -0.821504
1.9 0.581307 -0.828823
1.91 0.573019 -0.835972
1.92 0.564659 -0.842952
1.93 0.55623 -0.849765
1.94 0.547732 -0.856414
1.95 0.539168 -0.862901
1.96 0.530539 -0.869228
1.97 0.521847 -0.875396
1.98 0.513093 -0.881409
1.99 0.504279 -0.887268
2 0.495406 -0.892975
2.01 0.486476 -0.898532
2.02 0.477491 -0.903942
2.03 0.468452 -0.909207
2.04 0.45936 -0.914328
2.05 0.450216 -0.919308
2.06 0.441023 -0.924149
2.07 0.431782 -0.928852
2.08 0.422493 -0.93342
2.09 0.413159 -0.937855
2.1 0.40378 -0.942158
2.11 0.394359 -0.946332
2.12 0.384896 -0.950378
2.13 0.375392 -0.954298
2.14 0.365849 -0.958094
2.15 0.356268 -0.961767
2.16 0.34665 -0.96532
2.17 0.336997 -0.968754
2.18 0.327309 -0.97207
2.19 0.317589 -0.975271
2.2 0.307836 -0.978357
2.21 0.298052 -0.981331
2.22 0.288239 -0.984192
2.23 0.278397 -0.986944
2.24 0.268528 -0.989588
2.25 0.258632 -0.992124
2.26 0.248711 -0.994554
2.27 0.238765 -0.996879
2.28 0.228796 -0.9991
2.29 0.218805 -1.00122
2.3 0.208793 -1.00324
2.31 0.198761 -1.00515
2.32 0.188709 -1.00697
2.33 0.17864 -1.00869
2.34 0.168553 -1.01031
2.35 0.15845 -1.01183
2.36 0.148331 -1.01326
2.37 0.138199 -1.01459
2.38 0.128053 -1.01583
2.39 0.117894 -1.01698
2.4 0.107725 -1.01803
2.41 0.0975443 -1.01899
2.42 0.0873545 -1.01985
2.43 0.0771559 -1.02063
2.44 0.0669497 -1.02131
2.45 0.0567366 -1.0219
2.46 0.0465176 -1.0224
2.47 0.0362936 -1.02281
2.48 0.0260655 -1.02313
2.49 0.0158342 -1.02336
2.5 0.00560067 -1.0235
2.51 -0.00463431 -1.02355
2.52 -0.0148698 -1.02351
2.53 -0.0251048 -1.02338
2.54 -0.0353386 -1.02315
2.55 -0.0455701 -1.02284
2.56 -0.0557986 -1.02244
2.57 -0.066023 -1.02195
2.58 -0.0762425 -1.02137
2.59 -0.0864561 -1.02069
2.6 -0.0966631 -1.01993
2.61 -0.106862 -1.01907
2.62 -0.117053 -1.01812
2.63 -0.127234 -1.01708
2.64 -0.137405 -1.01594
2.65 -0.147564 -1.01471
2.66 -0.157711 -1.01338
2.67 -0.167845 -1.01196
2.68 -0.177965 -1.01044
2.69 -0.188069 -1.00883
2.7 -0.198158 -1.00712
2.71 -0.208229 -1.00531
2.72 -0.218282 -1.00339
2.73 -0.228316 -1.00138
2.74 -0.23833 -0.999269
2.75 -0.248322 -0.997052
2.76 -0.258293 -0.994731
2.77 -0.26824 -0.992305
2.78 -0.278163 -0.989772
2.79 -0.288061 -0.987131
2.8 -0.297932 -0.984381
2.81 -0.307776 -0.981521
2.82 -0.317591 -0.978548
2.83 -0.327377 -0.975462
2.84 -0.337131 -0.97226
2.85 -0.346854 -0.968942
2.86 -0.356543 -0.965506
2.87 -0.366198 -0.96195
2.88 -0.375818 -0.958272
2.89 -0.385401 -0.95447
2.9 -0.394945 -0.950544
2.91 -0.404451 -0.94649
2.92 -0.413916 -0.942307
2.93 -0.423339 -0.937993
2.94 -0.432719 -0.933546
2.95 -0.442054 -0.928965
2.96 -0.451344 -0.924246
2.97 -0.460586 -0.919388
2.98 -0.46978 -0.914389
2.99 -0.478924 -0.909247
3 -0.488017 -0.90396
3.01 -0.497056 -0.898525
3.02 -0.506041 -0.892939
3.03 -0.514971 -0.887202
3.04 -0.523843 -0.881311
3.05 -0.532656 -0.875263
3.06 -0.541409 -0.869056
3.07 -0.550099 -0.862687
3.08 -0.558726 -0.856156
3.09 -0.567287 -0.849458
3.1 -0.575782 -0.842593
3.11 -0.584208 -0.835557
3.12 -0.592564 -0.828349
3.13 -0.600847 -0.820965
3.14 -0.609057 -0.813405
3.15 -0.617191 -0.805665
3.16 -0.625247 -0.797744
3.17 -0.633225 -0.78964
3.18 -0.641121 -0.781349
3.19 -0.648935 -0.772871
3.2 -0.656663 -0.764204
3.21 -0.664306 -0.755344
3.22 -0.671859 -0.746292
3.23 -0.679322 -0.737044
3.24 -0.686692 -0.727599
3.25 -0.693968 -0.717956
3.26 -0.701148 -0.708113
3.27 -0.708229 -0.698068
3.28 -0.71521 -0.687822
3.29 -0.722088 -0.677371
3.3 -0.728862 -0.666716
3.31 -0.735529 -0.655856
3.32 -0.742087 -0.644789
3.33 -0.748535 -0.633516
3.34 -0.75487 -0.622035
3.35 -0.761091 -0.610348
3.36 -0.767194 -0.598453
3.37 -0.773179 -0.586351
3.38 -0.779042 -0.574043
3.39 -0.784783 -0.561528
3.4 -0.790398 -0.548809
3.41 -0.795886 -0.535885
3.42 -0.801245 -0.522759
3.43 -0.806472 -0.509432
3.44 -0.811567 -0.495905
3.45 -0.816526 -0.482181
3.46 -0.821348 -0.468262
3.47 -0.82603 -0.45415
3.48 -0.830572 -0.439849
3.49 -0.83497 -0.425361
3.5 -0.839224 -0.41069
3.51 -0.843331 -0.39584
3.52 -0.847289 -0.380814
3.53 -0.851097 -0.365617
3.54 -0.854753 -0.350253
3.55 -0.858256 -0.334728
3.56 -0.861603 -0.319046
3.57 -0.864794 -0.303212
3.58 -0.867826 -0.287232
3.59 -0.870698 -0.271113
3.6 -0.873409 -0.25486
3.61 -0.875958 -0.238479
3.62 -0.878343 -0.221978
3.63 -0.880562 -0.205363
3.64 -0.882616 -0.188641
3.65 -0.884502 -0.17182
3.66 -0.886221 -0.154906
3.67 -0.88777 -0.137909
3.68 -0.889149 -0.120836
3.69 -0.890357 -0.103694
3.7 -0.891394 -0.0864925
3.71 -0.892259 -0.0692391
3.72 -0.892951 -0.0519426
3.73 -0.893471 -0.0346113
3.74 -0.893817 -0.017254
3.75 -0.89399 0.000120686
3.76 -0.893988 0.0175041
3.77 -0.893813 0.0348874
3.78 -0.893464 0.0522619
3.79 -0.892942 0.0696189
3.8 -0.892246 0.0869497
3.81 -0.891376 0.104246
3.82 -0.890334 0.121498
3.83 -0.889119 0.138698
3.84 -0.887732 0.155839
3.85 -0.886173 0.17291
3.86 -0.884444 0.189905
3.87 -0.882545 0.206815
3.88 -0.880477 0.223633
3.89 -0.878241 0.240351
3.9 -0.875837 0.256961
3.91 -0.873268 0.273457
3.92 -0.870533 0.289831
3.93 -0.867635 0.306076
3.94 -0.864574 0.322187
3.95 -0.861352 0.338156
3.96 -0.85797 0.353978
3.97 -0.854431 0.369648
3.98 -0.850734 0.385159
3.99 -0.846883 0.400507
4 -0.842878 0.415686
4.01 -0.838721 0.430692
4.02 -0.834414 0.445521
4.03 -0.829959 0.460169
4.04 -0.825357 0.474631
4.05 -0.820611 0.488905
4.06 -0.815722 0.502987
4.07 -0.810692 0.516874
4.08 -0.805523 0.530564
4.09 -0.800217 0.544055
4.1 -0.794777 0.557343
4.11 -0.789203 0.570428
4.12 -0.783499 0.583308
4.13 -0.777666 0.595982
4.14 -0.771706 0.608447
4.15 -0.765622 0.620704
4.16 -0.759415 0.632752
4.17 -0.753087 0.644591
4.18 -0.746641 0.65622
4.19 -0.740079 0.667639
4.2 -0.733403 0.678849
4.21 -0.726614 0.689849
4.22 -0.719716 0.700641
4.23 -0.712709 0.711225
4.24 -0.705597 0.721602
4.25 -0.698381 0.731773
4.26 -0.691063 0.74174
4.27 -0.683646 0.751502
4.28 -0.676131 0.761063
4.29 -0.66852 0.770423
4.3 -0.660816 0.779584
4.31 -0.65302 0.788548
4.32 -0.645135 0.797316
4.33 -0.637161 0.805891
4.34 -0.629102 0.814275
4.35 -0.62096 0.822469
4.36 -0.612735 0.830475
4.37 -0.60443 0.838296
4.38 -0.596047 0.845935
4.39 -0.587588 0.853392
4.4 -0.579054 0.860671
4.41 -0.570447 0.867773
4.42 -0.56177 0.874701
4.43 -0.553023 0.881458
4.44 -0.544208 0.888046
4.45 -0.535328 0.894466
4.46 -0.526383 0.900722
4.47 -0.517376 0.906816
4.48 -0.508308 0.912749
4.49 -0.49918 0.918525
4.5 -0.489995 0.924146
4.51 -0.480753 0.929614
4.52 -0.471457 0.934931
4.53 -0.462108 0.940099
4.54 -0.452707 0.945122
4.55 -0.443256 0.95
4.56 -0.433756 0.954736
4.57 -0.424208 0.959333
4.58 -0.414615 0.963792
4.59 -0.404977 0.968116
4.6 -0.395296 0.972306
4.61 -0.385573 0.976365
4.62 -0.375809 0.980294
4.63 -0.366006 0.984095
4.64 -0.356165 0.987771
4.65 -0.346288 0.991322
4.66 -0.336374 0.994752
4.67 -0.326427 0.99806
4.68 -0.316446 1.00125
4.69 -0.306434 1.00432
4.7 -0.296391 1.00728
4.71 -0.286318 1.01012
4.72 -0.276216 1.01285
4.73 -0.266088 1.01547
4.74 -0.255933 1.01798
4.75 -0.245753 1.02038
4.76 -0.23555 1.02268
4.77 -0.225323 1.02487
4.78 -0.215074 1.02695
4.79 -0.204805 1.02893
4.8 -0.194515 1.03081
4.81 -0.184207 1.03258
4.82 -0.173881 1.03426
4.83 -0.163539 1.03583
4.84 -0.15318 1.03731
4.85 -0.142807 1.03869
4.86 -0.132421 1.03997
4.87 -0.122021 1.04115
4.88 -0.111609 1.04224
4.89 -0.101187 1.04324
4.9 -0.0907545 1.04413
4.91 -0.0803132 1.04494
4.92 -0.0698638 1.04565
4.93 -0.0594073 1.04627
4.94 -0.0489447 1.04679
4.95 -0.0384768 1.04722
4.96 -0.0280045 1.04756
4.97 -0.0175289 1.04781
4.98 -0.00705088 1.04796
4.99 0.00342873 1.04802
5 0.013909 1.04799
5.01 0.0243889 1.04787
5.02 0.0348676 1.04766
5.03 0.0453441 1.04735
5.04 0.0558176 1.04695
5.05 0.0662871 1.04646
5.06 0.0767517 1.04587
5.07 0.0872104 1.04519
5.08 0.0976623 1.04442
5.09 0.108107 1.04355
5.1 0.118542 1.04259
5.11 0.128968 1.04154
5.12 0.139383 1.04038
5.13 0.149787 1.03913
5.14 0.160179 1.03779
5.15 0.170556 1.03634
5.16 0.18092 1.0348
5.17 0.191268 1.03316
5.18 0.201599 1.03141
5.19 0.211914 1.02957
5.2 0.222209 1.02762
5.21 0.232485 1.02557
5.22 0.242741 1.02341
5.23 0.252975 1.02115
5.24 0.263187 1.01878
5.25 0.273374 1.0163
5.26 0.283537 1.01371
5.27 0.293675 1.01101
5.28 0.303785 1.0082
5.29 0.313867 1.00527
5.3 0.323919 1.00223
5.31 0.333942 0.999069
5.32 0.343932 0.995789
5.33 0.35389 0.992389
5.34 0.363814 0.988865
5.35 0.373703 0.985218
5.36 0.383555 0.981444
5.37 0.393369 0.977541
5.38 0.403145 0.973508
5.39 0.41288 0.969343
5.4 0.422573 0.965044
5.41 0.432224 0.960608
5.42 0.44183 0.956034
5.43 0.45139 0.951318
5.44 0.460903 0.94646
5.45 0.470368 0.941456
5.46 0.479783 0.936305
5.47 0.489146 0.931003
5.48 0.498456 0.92555
5.49 0.507711 0.919941
5.5 0.516911 0.914175
5.51 0.526052 0.90825
5.52 0.535135 0.902162
5.53 0.544156 0.89591
5.54 0.553115 0.88949
5.55 0.56201 0.882901
5.56 0.570839 0.87614
5.57 0.579601 0.869203
5.58 0.588293 0.86209
5.59 0.596914 0.854796
5.6 0.605462 0.847321
5.61 0.613935 0.83966
5.62 0.622331 0.831812
5.63 0.63065 0.823774
5.64 0.638887 0.815544
5.65 0.647043 0.80712
5.66 0.655114 0.798498
5.67 0.663099 0.789678
5.68 0.670996 0.780656
5.69 0.678802 0.77143
5.7 0.686517 0.761999
5.71 0.694137 0.752361
5.72 0.70166 0.742513
5.73 0.709085 0.732455
5.74 0.71641 0.722183
5.75 0.723632 0.711697
5.76 0.730749 0.700996
5.77 0.737759 0.690077
5.78 0.744659 0.678941
5.79 0.751449 0.667585
5.8 0.758125 0.65601
5.81 0.764685 0.644214
5.82 0.771127 0.632198
5.83 0.777449 0.619961
5.84 0.783649 0.607503
5.85 0.789724 0.594824
5.86 0.795672 0.581926
5.87 0.801491 0.568807
5.88 0.807179 0.555471
5.89 0.812734 0.541917
5.9 0.818153 0.528147
5.91 0.823434 0.514163
5.92 0.828576 0.499967
5.93 0.833576 0.485562
5.94 0.838431 0.470949
5.95 0.843141 0.456132
5.96 0.847702 0.441115
5.97 0.852113 0.4259
5.98 0.856372 0.410491
5.99 0.860477 0.394894
6 0.864426 0.379111
6.01 0.868217 0.363148
6.02 0.871849 0.347011
6.03 0.875319 0.330704
6.04 0.878626 0.314233
6.05 0.881768 0.297604
6.06 0.884744 0.280824
6.07 0.887553 0.263899
6.08 0.890192 0.246836
6.09 0.89266 0.229643
6.1 0.894956 0.212326
6.11 0.89708 0.194894
6.12 0.899029 0.177354
6.13 0.900802 0.159715
6.14 0.902399 0.141986
6.15 0.903819 0.124173
6.16 0.905061 0.106288
6.17 0.906124 0.0883374
6.18 0.907007 0.0703316
6.19 0.90771 0.0522796
6.2 0.908233 0.0341907
6.21 0.908575 0.0160742
6.22 0.908736 -0.0020602
6.23 0.908715 -0.0202031
6.24 0.908513 -0.0383449
6.25 0.90813 -0.0564761
6.26 0.907565 -0.0745871
6.27 0.906819 -0.0926684
6.28 0.905892 -0.110711
6.29 0.904785 -0.128704
6.3 0.903498 -0.14664
6.31 0.902032 -0.164509
6.32 0.900387 -0.182302
6.33 0.898564 -0.200011
6.34 0.896564 -0.217626
6.35 0.894387 -0.23514
6.36 0.892036 -0.252543
6.37 0.889511 -0.269828
6.38 0.886812 -0.286988
6.39 0.883942 -0.304014
6.4 0.880902 -0.3209
6.41 0.877693 -0.337638
6.42 0.874317 -0.354222
6.43 0.870775 -0.370646
6.44 0.867068 -0.386903
6.45 0.863199 -0.402987
6.46 0.859169 -0.418894
6.47 0.85498 -0.434617
6.48 0.850634 -0.450153
6.49 0.846133 -0.465496
6.5 0.841478 -0.480642
6.51 0.836671 -0.495589
6.52 0.831715 -0.510331
6.53 0.826612 -0.524866
6.54 0.821363 -0.539191
6.55 0.815971 -0.553304
6.56 0.810438 -0.567201
6.57 0.804766 -0.580881
6.58 0.798958 -0.594343
6.59 0.793014 -0.607584
6.6 0.786938 -0.620603
6.61 0.780732 -0.633401
6.62 0.774398 -0.645975
6.63 0.767939 -0.658326
6.64 0.761355 -0.670453
6.65 0.754651 -0.682357
6.66 0.747827 -0.694037
6.67 0.740887 -0.705495
6.68 0.733832 -0.71673
6.69 0.726665 -0.727744
6.7 0.719387 -0.738537
6.71 0.712002 -0.749112
6.72 0.704511 -0.759468
6.73 0.696916 -0.769608
6.74 0.68922 -0.779533
6.75 0.681425 -0.789245
6.76 0.673532 -0.798746
6.77 0.665545 -0.808038
6.78 0.657464 -0.817122
6.79 0.649293 -0.826002
6.8 0.641033 -0.834678
6.81 0.632686 -0.843154
6.82 0.624255 -0.851432
6.83 0.61574 -0.859514
6.84 0.607145 -0.867402
6.85 0.598471 -0.8751
6.86 0.58972 -0.882609
6.87 0.580894 -0.889932
6.88 0.571995 -0.897072
6.89 0.563024 -0.904032
6.9 0.553984 -0.910813
6.91 0.544876 -0.917419
6.92 0.535701 -0.923852
6.93 0.526463 -0.930115
6.94 0.517162 -0.93621
6.95 0.5078 -0.942139
6.96 0.498378 -0.947907
6.97 0.488899 -0.953514
6.98 0.479364 -0.958964
6.99 0.469774 -0.964258
7 0.460132 -0.9694
7.01 0.450438 -0.974392
7.02 0.440694 -0.979236
7.03 0.430902 -0.983935
7.04 0.421062 -0.98849
7.05 0.411177 -0.992904
7.06 0.401248 -0.99718
7.07 0.391277 -1.00132
7.08 0.381263 -1.00532
7.09 0.37121 -1.0092
7.1 0.361118 -1.01294
7.11 0.350989 -1.01655
7.12 0.340823 -1.02004
7.13 0.330623 -1.0234
7.14 0.320389 -1.02664
7.15 0.310122 -1.02976
7.16 0.299825 -1.03276
7.17 0.289497 -1.03564
7.18 0.279141 -1.03841
7.19 0.268757 -1.04106
7.2 0.258346 -1.0436
7.21 0.24791 -1.04603
7.22 0.23745 -1.04834
7.23 0.226966 -1.05055
7.24 0.216461 -1.05265
7.25 0.205934 -1.05464
7.26 0.195388 -1.05653
7.27 0.184823 -1.05832
7.28 0.17424 -1.06
7.29 0.16364 -1.06158
7.3 0.153024 -1.06305
7.31 0.142393 -1.06443
7.32 0.131749 -1.06571
7.33 0.121092 -1.06689
7.34 0.110423 -1.06797
7.35 0.0997434 -1.06895
7.36 0.0890539 -1.06983
7.37 0.0783556 -1.07062
7.38 0.0676494 -1.07132
7.39 0.0569362 -1.07191
7.4 0.0462171 -1.07242
7.41 0.0354929 -1.07282
7.42 0.0247647 -1.07313
7.43 0.0140334 -1.07335
7.44 0.00329983 -1.07348
7.45 -0.00743493 -1.0735
7.46 -0.01817 -1.07344
7.47 -0.0289044 -1.07328
7.48 -0.0396372 -1.07303
7.49 -0.0503674 -1.07268
7.5 -0.0610942 -1.07223
7.51 -0.0718165 -1.07169
7.52 -0.0825335 -1.07106
7.53 -0.093244 -1.07033
7.54 -0.103947 -1.0695
7.55 -0.114642 -1.06858
7.56 -0.125328 -1.06756
7.57 -0.136004 -1.06644
7.58 -0.146668 -1.06522
7.59 -0.15732 -1.0639
7.6 -0.167959 -1.06249
7.61 -0.178584 -1.06097
7.62 -0.189194 -1.05935
7.63 -0.199787 -1.05762
7.64 -0.210364 -1.0558
7.65 -0.220921 -1.05386
7.66 -0.23146 -1.05182
7.67 -0.241978 -1.04968
7.68 -0.252475 -1.04742
7.69 -0.262949 -1.04506
7.7 -0.2734 -1.04258
7.71 -0.283826 -1.03999
7.72 -0.294226 -1.03729
7.73 -0.304599 -1.03447
7.74 -0.314943 -1.03154
7.75 -0.325259 -1.02848
7.76 -0.335544 -1.0253
7.77 -0.345797 -1.02201
7.78 -0.356017 -1.01858
7.79 -0.366202 -1.01503
7.8 -0.376353 -1.01135
7.81 -0.386466 -1.00755
7.82 -0.396542 -1.00361
7.83 -0.406578 -0.99953
7.84 -0.416573 -0.995318
7.85 -0.426526 -0.990967
7.86 -0.436436 -0.986474
7.87 -0.446301 -0.981838
7.88 -0.456119 -0.977057
7.89 -0.46589 -0.972126
7.9 -0.475611 -0.967045
7.91 -0.485281 -0.961811
7.92 -0.494899 -0.95642
7.93 -0.504464 -0.950871
7.94 -0.513972 -0.945161
7.95 -0.523424 -0.939287
7.96 -0.532817 -0.933246
7.97 -0.542149 -0.927036
7.98 -0.55142 -0.920654
7.99 -0.560626 -0.914097
8 -0.569767 -0.907363
8.01 -0.578841 -0.900448
8.02 -0.587845 -0.89335
8.03 -0.596779 -0.886066
8.04 -0.605639 -0.878593
8.05 -0.614425 -0.870929
8.06 -0.623135 -0.86307
8.07 -0.631765 -0.855013
8.08 -0.640316 -0.846757
8.09 -0.648783 -0.838299
8.1 -0.657166 -0.829635
8.11 -0.665462 -0.820763
8.12 -0.67367 -0.81168
8.13 -0.681787 -0.802385
8.14 -0.689811 -0.792875
8.15 -0.697739 -0.783146
8.16 -0.705571 -0.773198
8.17 -0.713303 -0.763028
8.18 -0.720933 -0.752633
8.19 -0.72846 -0.742013
8.2 -0.73588 -0.731165
8.21 -0.743191 -0.720087
8.22 -0.750392 -0.708778
8.23 -0.75748 -0.697238
8.24 -0.764452 -0.685464
8.25 -0.771307 -0.673455
8.26 -0.778042 -0.661212
8.27 -0.784654 -0.648733
8.28 -0.791141 -0.636018
8.29 -0.797501 -0.623068
8.3 -0.803732 -0.609881
8.31 -0.809831 -0.596459
8.32 -0.815795 -0.582802
8.33 -0.821623 -0.568912
8.34 -0.827312 -0.554789
8.35 -0.83286 -0.540436
8.36 -0.838265 -0.525853
8.37 -0.843523 -0.511043
8.38 -0.848634 -0.496009
8.39 -0.853594 -0.480754
8.4 -0.858401 -0.46528
8.41 -0.863054 -0.449591
8.42 -0.86755 -0.433691
8.43 -0.871887 -0.417585
8.44 -0.876063 -0.401276
8.45 -0.880075 -0.384769
8.46 -0.883923 -0.368071
8.47 -0.887604 -0.351186
8.48 -0.891116 -0.334121
8.49 -0.894457 -0.316881
8.5 -0.897626 -0.299474
8.51 -0.90062 -0.281907
8.52 -0.90344 -0.264187
8.53 -0.906081 -0.246321
8.54 -0.908545 -0.228317
8.55 -0.910828 -0.210184
8.56 -0.91293 -0.191931
8.57 -0.914849 -0.173565
8.58 -0.916585 -0.155097
8.59 -0.918136 -0.136535
8.6 -0.919501 -0.117889
8.61 -0.92068 -0.0991688
8.62 -0.921671 -0.0803842
8.63 -0.922475 -0.0615451
8.64 -0.923091 -0.0426619
8.65 -0.923517 -0.0237447
8.66 -0.923755 -0.00480392
8.67 -0.923803 0.01415
8.68 -0.923661 0.0331065
8.69 -0.92333 0.0520552
8.7 -0.92281 0.0709856
8.71 -0.9221 0.0898873
8.72 -0.921201 0.10875
8.73 -0.920114 0.127563
8.74 -0.918838 0.146317
8.75 -0.917375 0.165001
8.76 -0.915725 0.183606
8.77 -0.913889 0.202121
8.78 -0.911867 0.220538
8.79 -0.909662 0.238847
8.8 -0.907274 0.257038
8.81 -0.904703 0.275104
8.82 -0.901952 0.293036
8.83 -0.899022 0.310825
8.84 -0.895914 0.328464
8.85 -0.892629 0.345944
8.86 -0.889169 0.363259
8.87 -0.885537 0.380402
8.88 -0.881733 0.397366
8.89 -0.877759 0.414144
8.9 -0.873618 0.430731
8.91 -0.86931 0.447122
8.92 -0.864839 0.46331
8.93 -0.860206 0.479292
8.94 -0.855413 0.495062
8.95 -0.850463 0.510617
8.96 -0.845356 0.525953
8.97 -0.840097 0.541066
8.98 -0.834686 0.555953
8.99 -0.829127 0.570612
9 -0.823421 0.58504
9.01 -0.81757 0.599236
9.02 -0.811578 0.613196
9.03 -0.805446 0.626921
9.04 -0.799177 0.640408
9.05 -0.792773 0.653658
9.06 -0.786236 0.666669
9.07 -0.779569 0.67944
9.08 -0.772775 0.691973
9.09 -0.765855 0.704268
9.1 -0.758813 0.716324
9.11 -0.751649 0.728142
9.12 -0.744368 0.739724
9.13 -0.736971 0.75107
9.14 -0.72946 0.762182
9.15 -0.721838 0.773061
9.16 -0.714107 0.783708
9.17 -0.70627 0.794126
9.18 -0.698329 0.804317
9.19 -0.690286 0.814282
9.2 -0.682143 0.824023
9.21 -0.673903 0.833543
9.22 -0.665567 0.842845
9.23 -0.657139 0.85193
9.24 -0.64862 0.860801
9.25 -0.640012 0.869461
9.26 -0.631317 0.877912
9.27 -0.622538 0.886158
9.28 -0.613676 0.8942
9.29 -0.604734 0.902043
9.3 -0.595714 0.909687
9.31 -0.586617 0.917137
9.32 -0.577446 0.924396
9.33 -0.568202 0.931466
9.34 -0.558887 0.938349
9.35 -0.549504 0.94505
9.36 -0.540053 0.95157
9.37 -0.530537 0.957913
9.38 -0.520958 0.964082
9.39 -0.511317 0.970078
9.4 -0.501617 0.975906
9.41 -0.491858 0.981568
9.42 -0.482042 0.987067
9.43 -0.472171 0.992405
9.44 -0.462247 0.997585
9.45 -0.452271 1.00261
9.46 -0.442245 1.00748
9.47 -0.432171 1.0122
9.48 -0.422048 1.01678
9.49 -0.411881 1.0212
9.5 -0.401669 1.02549
9.51 -0.391414 1.02963
9.52 -0.381117 1.03364
9.53 -0.370781 1.03751
9.54 -0.360406 1.04125
9.55 -0.349993 1.04485
9.56 -0.339545 1.04833
9.57 -0.329062 1.05168
9.58 -0.318545 1.0549
9.59 -0.307996 1.05799
9.6 -0.297416 1.06097
9.61 -0.286806 1.06382
9.62 -0.276168 1.06656
9.63 -0.265502 1.06918
9.64 -0.254811 1.07168
9.65 -0.244094 1.07407
9.66 -0.233353 1.07635
9.67 -0.22259 1.07851
9.68 -0.211804 1.08057
9.69 -0.200999 1.08252
9.7 -0.190174 1.08436
9.71 -0.17933 1.08609
9.72 -0.168469 1.08772
9.73 -0.157592 1.08924
9.74 -0.1467 1.09066
9.75 -0.135793 1.09198
9.76 -0.124873 1.09319
9.77 -0.113941 1.09431
9.78 -0.102998 1.09532
9.79 -0.0920451 1.09624
9.8 -0.0810827 1.09705
9.81 -0.0701121 1.09777
9.82 -0.0591344 1.09839
9.83 -0.0481505 1.09891
9.84 -0.0371614 1.09934
9.85 -0.026168 1.09966
9.86 -0.0151714 1.09989
9.87 -0.00417247 1.10003
9.88 0.0068278 1.10006
9.89 0.0178284 1.1
9.9 0.0288285 1.09985
9.91 0.0398269 1.09959
9.92 0.0508229 1.09924
9.93 0.0618153 1.09879
9.94 0.0728033 1.09825
9.95 0.0837857 1.09761
9.96 0.0947618 1.09686
9.97 0.10573 1.09602
9.98 0.116691 1.09508
9.99 0.127642 1.09404
10 0.138582 1.0929
10.01 0.149511 1.09166
10.02 0.160428 1.09032
10.03 0.171331 1.08887
10.04 0.182219 1.08732
10.05 0.193093 1.08566
10.06 0.203949 1.0839
10.14 0.290077 1.06585
10.15 0.300735 1.06308
10.16 0.311366 1.06019
10.17 0.321968 1.05717
10.18 0.33254 1.05403
10.19 0.34308 1.05077
10.2 0.353588 1.04738
10.21 0.364062 1.04386
10.22 0.3745 1.04021
10.23 0.384902 1.03643
10.24 0.395267 1.03251
10.25 0.405592 1.02845
10.26 0.415876 1.02425
10.27 0.426119 1.01991
10.28 0.436318 1.01542
10.29 0.446472 1.01079
10.3 0.45658 1.006
10.31 0.46664 1.00107
10.32 0.476651 0.995974
10.33 0.48661 0.990722
10.34 0.496518 0.98531
10.35 0.506371 0.979734
10.36 0.516168 0.973991
10.37 0.525908 0.968079
10.38 0.535589 0.961994
10.39 0.545209 0.955733
10.4 0.554766 0.949294
10.41 0.564259 0.942673
10.42 0.573686 0.935867
10.43 0.583044 0.928874
10.44 0.592333 0.92169
10.45 0.60155 0.914311
10.46 0.610693 0.906736
10.47 0.61976 0.89896
10.48 0.62875 0.890981
10.49 0.63766 0.882795
10.5 0.646488 0.8744
10.51 0.655232 0.865792
10.52 0.66389 0.856968
10.53 0.672459 0.847926
10.54 0.680939 0.838663
10.55 0.689325 0.829175
10.56 0.697617 0.81946
10.57 0.705812 0.809515
10.58 0.713907 0.799338
10.59 0.7219 0.788926
10.6 0.729789 0.778276
10.61 0.737572 0.767387
10.62 0.745246 0.756256
10.63 0.752809 0.744882
10.64 0.760257 0.733262
10.65 0.76759 0.721396
10.66 0.774804 0.70928
10.67 0.781897 0.696915
10.68 0.788866 0.684299
10.69 0.795709 0.671432
10.7 0.802423 0.658312
10.71 0.809006 0.64494
10.72 0.815456 0.631316
10.73 0.821769 0.617439
10.74 0.827943 0.60331
10.75 0.833976 0.58893
10.76 0.839866 0.574301
10.77 0.845609 0.559424
10.78 0.851203 0.5443
10.79 0.856646 0.528931
10.8 0.861935 0.513321
10.81 0.867069 0.497473
10.82 0.872043 0.481388
10.83 0.876857 0.465072
10.84 0.881508 0.448528
10.85 0.885993 0.43176
10.86 0.890311 0.414774
10.87 0.894458 0.397575
10.88 0.898434 0.380168
10.89 0.902236 0.362559
10.9 0.905861 0.344755
10.91 0.909309 0.326763
10.92 0.912577 0.30859
10.93 0.915663 0.290244
10.94 0.918565 0.271732
10.95 0.921282 0.253062
10.96 0.923813 0.234245
10.97 0.926155 0.215288
10.98 0.928308 0.1962
10.99 0.93027 0.176993
11 0.93204 0.157675
11.01 0.933617 0.138257
11.02 0.935 0.118749
11.03 0.936187 0.0991618
11.04 0.937179 0.0795065
11.05 0.937974 0.0597941
11.06 0.938572 0.0400358
11.07 0.938972 0.0202428
11.08 0.939174 0.00042655
11.09 0.939179 -0.0194014
11.1 0.938985 -0.0392297
11.11 0.938592 -0.0590466
11.12 0.938002 -0.0788408
11.13 0.937213 -0.0986008
11.14 0.936227 -0.118315
11.15 0.935044 -0.137973
11.16 0.933665 -0.157562
11.17 0.932089 -0.177073
11.18 0.930318 -0.196494
11.19 0.928353 -0.215815
11.2 0.926195 -0.235025
11.21 0.923845 -0.254114
11.22 0.921304 -0.273073
11.23 0.918573 -0.291892
11.24 0.915654 -0.310561
11.25 0.912549 -0.329073
11.26 0.909258 -0.347418
11.27 0.905784 -0.365589
11.28 0.902128 -0.383577
11.29 0.898292 -0.401375
11.3 0.894278 -0.418976
11.31 0.890088 -0.436374
11.32 0.885725 -0.453562
11.33 0.881189 -0.470535
11.34 0.876484 -0.487287
11.35 0.871611 -0.503814
11.36 0.866573 -0.52011
11.37 0.861372 -0.536171
11.38 0.85601 -0.551994
11.39 0.85049 -0.567576
11.4 0.844814 -0.582913
11.41 0.838985 -0.598002
11.42 0.833005 -0.612843
11.43 0.826877 -0.627431
11.44 0.820602 -0.641767
11.45 0.814185 -0.655849
11.46 0.807626 -0.669676
11.47 0.800929 -0.683247
11.48 0.794097 -0.696562
11.49 0.787131 -0.709622
11.5 0.780035 -0.722427
11.51 0.772811 -0.734976
11.52 0.765461 -0.747272
11.53 0.757988 -0.759314
11.54 0.750395 -0.771105
11.55 0.742684 -0.782646
11.56 0.734858 -0.793938
11.57 0.726918 -0.804984
11.58 0.718868 -0.815785
11.59 0.710711 -0.826344
11.6 0.702447 -0.836663
11.61 0.694081 -0.846744
11.62 0.685613 -0.85659
11.63 0.677047 -0.866204
11.64 0.668385 -0.875588
11.65 0.659629 -0.884746
11.66 0.650782 -0.89368
11.67 0.641845 -0.902393
11.68 0.632821 -0.910888
11.69 0.623712 -0.919169
11.7 0.61452 -0.927239
11.71 0.605248 -0.9351
11.72 0.595897 -0.942756
11.73 0.58647 -0.95021
11.74 0.576967 -0.957465
11.75 0.567393 -0.964525
11.76 0.557748 -0.971393
11.77 0.548034 -0.978071
11.78 0.538253 -0.984564
11.79 0.528407 -0.990873
11.8 0.518499 -0.997003
11.81 0.508528 -1.00296
11.82 0.498499 -1.00874
11.83 0.488412 -1.01435
11.84 0.478268 -1.01979
11.85 0.46807 -1.02506
11.86 0.45782 -1.03018
11.87 0.447518 -1.03514
11.88 0.437166 -1.03994
11.89 0.426767 -1.04458
11.9 0.416321 -1.04908
11.91 0.40583 -1.05343
11.92 0.395296 -1.05763
11.93 0.38472 -1.06169
11.94 0.374103 -1.0656
11.95 0.363447 -1.06938
11.96 0.352753 -1.07303
11.97 0.342023 -1.07654
11.98 0.331258 -1.07991
11.99 0.320458 -1.08316
12 0.309627 -1.08628
12.01 0.298764 -1.08927
12.02 0.287871 -1.09214
12.03 0.27695 -1.09489
12.04 0.266001 -1.09752
12.05 0.255026 -1.10003
12.06 0.244025 -1.10242
12.07 0.233001 -1.1047
12.08 0.221954 -1.10686
12.09 0.210886 -1.10891
12.1 0.199797 -1.11084
12.11 0.188688 -1.11267
12.12 0.177561 -1.11439
12.13 0.166418 -1.116
12.14 0.155258 -1.1175
12.15 0.144082 -1.1189
12.16 0.132893 -1.1202
12.17 0.121691 -1.12138
12.18 0.110478 -1.12247
12.19 0.0992529 -1.12345
12.2 0.0880184 -1.12433
12.21 0.0767751 -1.12511
12.22 0.0655239 -1.12579
12.23 0.054266 -1.12637
12.24 0.0430023 -1.12685
12.25 0.0317338 -1.12723
12.26 0.0204615 -1.12751
12.27 0.00918638 -1.12769
12.28 -0.00209051 -1.12777
12.29 -0.0133682 -1.12775
12.3 -0.0246457 -1.12763
12.31 -0.035922 -1.12742
12.32 -0.0471962 -1.1271
12.33 -0.0584672 -1.12668
12.34 -0.069734 -1.12617
12.35 -0.0809957 -1.12555
12.36 -0.0922513 -1.12484
12.37 -0.1035 -1.12402
12.38 -0.11474 -1.1231
12.39 -0.125971 -1.12208
12.4 -0.137192 -1.12095
12.41 -0.148401 -1.11972
12.42 -0.159598 -1.11839
12.43 -0.170782 -1.11695
12.44 -0.181952 -1.1154
12.45 -0.193106 -1.11375
12.46 -0.204243 -1.11199
12.5 -0.248606 -1.10383
12.6 -0.3578 -1.07513
12.7 -0.463537 -1.033
12.8 -0.564366 -0.974884
12.9 -0.658551 -0.897646
13 -0.744026 -0.7979
13.1 -0.818401 -0.6727
13.2 -0.884257 -0.604027
13.3 -0.923333 -0.343432
13.4 -0.928948 -0.346657
13.5 -0.928948 -0.366657
13.6 -0.903975 -0.004341
13.7 -0.903975 0.004341
13.8 -0.870038 0.0287341
13.9 -0.876561 0.111891
14 -0.850315 0.310548
15  -0.0613083 1.01235
