0 0 1
0.1 0.1 1
0.2 0.2 0.988023
0.3 0.298802 0.964032
0.4 0.395206 0.927961
0.5 0.488002 0.879457
0.6 0.575947 0.81757
0.7 0.657704 0.740411
0.8 0.731745 0.64485
0.9 0.79623 0.526372
1 0.848868 0.379469
1.1 0.886815 0.199423
1.2 0.906757 -0.0134308
1.3 0.905414 -0.247861
1.4 0.880628 -0.480724
1.5 0.832555 -0.68756
1.6 0.763799 -0.856062
1.7 0.678193 -0.987384
1.8 0.579455 -1.08854
1.9 0.470601 -1.16638
2 0.353963 -1.2256
2.1 0.231403 -1.26866
2.2 0.104536 -1.29646
2.3 -0.0251093 -1.30898
2.4 -0.156007 -1.30597
2.5 -0.286604 -1.28728
2.6 -0.415331 -1.25272
2.7 -0.540603 -1.20147
2.8 -0.66075 -1.13086
2.9 -0.773837 -1.0345
3 -0.877287 -0.898671
3.1 -0.967154 -0.694964
3.2 -1.03665 -0.366145
3.3 -1.07326 0.18169
3.4 -1.0551 0.958573
3.5 -0.959239 1.60604
3.6 -0.798635 1.91916
3.7 -0.606719 2.06734
3.8 -0.399985 2.15081
3.9 -0.184904 2.19996
4 0.0350925 2.22213
4.1 0.257306 2.21793
4.2 0.479099 2.18698
4.3 0.697796 2.12647
4.4 0.910443 2.01948
4.5 1.11239 1.78065
4.6 1.29046 0.536608
4.7 1.34412 -16.8281
4.8 -0.338691 -19.7761
4.9 -2.3163 -19.735
5 -4.2898 -18.9833
5.1 -6.18813 -18.3514
5.2 -8.02328 -17.2725
5.3 -9.75052 1071.84
5.4 97.4332 1074.37
5.5 204.87 1055.57
5.6 310.428 1029.69
5.7 413.396 992.384
5.8 512.635 939.158
5.9 606.551 871.292
6 693.68 -50.866
6.1 688.593 -151.708
6.2 673.423 -239.474
6.3 649.475 -332.605
6.4 616.215 -437.813
6.5 572.433 -548
6.6 517.633 -663.042
6.7 451.329 -888.742
6.8 362.455 -948.659
6.9 267.589 -6686.09
7 -401.02 -6748.11
7.1 -1075.83 -5736.35
7.2 -1649.47 -5435.38
7.3 -2193 -4616.55
7.4 -2654.66 -1501.71
7.5 -2804.83 3609.53
7.6 -2443.88 3994.27
7.7 -2044.45 4298.86
7.8 -1614.56 4567.2
7.9 -1157.84 19808.9
8 823.044 19947.5
8.1 2817.8 19258.2
8.2 4743.61 16871.6
8.3 6430.77 16267.3
8.4 8057.51 -5.50977e+06
8.5 -542920 -5.51964e+06
8.6 -1.09488e+06 -5.45347e+06
8.7 -1.64023e+06 -5.28783e+06
8.8 -2.16901e+06 -5.02498e+06
8.9 -2.67151e+06 -3.83194e+06
9 -3.05471e+06 -3.34384e+06
9.1 -3.38909e+06 7.22433e+06
9.2 -2.66666e+06 7.67971e+06
9.3 -1.89869e+06 8.09245e+06
9.4 -1.08944e+06 9.37336e+06
9.5 -152105 9.57851e+06
9.6 805746 9.61908e+06
9.7 1.76765e+06 9.51665e+06
9.8 2.71932e+06 9.17836e+06
9.9 3.63716e+06 8.56251e+06
10 4.49341e+06 8.04818e+06
10.1 5.29822e+06 7.26139e+06
10.2 6.02436e+06 6.04354e+06
10.3 6.62872e+06 4.06624e+06
10.4 7.03534e+06 -4.07179e+07
10.5 2.96355e+06 -4.18732e+07
10.6 -1.22377e+06 -4.22343e+07
10.7 -5.4472e+06 -4.19427e+07
10.8 -9.64147e+06 -4.12808e+07
10.9 -1.37696e+07 -3.8969e+07
11 -1.76665e+07 -3.6212e+07
11.1 -2.12877e+07 1.12041e+07
11.2 -2.01672e+07 1.54377e+07
11.3 -1.86235e+07 4.19058e+07
11.4 -1.44329e+07 5.14307e+07
11.5 -9.28982e+06 5.34521e+07
11.6 -3.94461e+06 5.5728e+07
11.7 1.62819e+06 5.6481e+07
11.8 7.27629e+06 5.61984e+07
11.9 1.28961e+07 5.33346e+07
12 1.82296e+07 4.53723e+07
12.1 2.27668e+07 4.24886e+07
12.2 2.70157e+07 3.96453e+07
12.3 3.09802e+07 -6.64985e+11
12.4 -6.64676e+10 -2.7695e+12
12.5 -3.43417e+11 -2.74218e+12
12.6 -6.17635e+11 -2.68478e+12
12.7 -8.86113e+11 -1.66819e+12
12.8 -1.05293e+12 -1.46006e+12
12.9 -1.19894e+12 3.43569e+12
13 -8.5537e+11 3.5887e+12
13.1 -4.96499e+11 3.693e+12
13.2 -1.27199e+11 3.7548e+12
13.3 2.48281e+11 6.93839e+12
13.4 9.4212e+11 6.89869e+12
13.5 1.63199e+12 6.66588e+12
13.6 2.29858e+12 5.56531e+12
13.7 2.85511e+12 5.28675e+12
13.8 3.38378e+12 3.78731e+12
13.9 3.76251e+12 -9.14992e+12
14 2.84752e+12 -1.10893e+13
14.1 1.73859e+12 -1.14566e+13
14.2 5.92934e+11 -1.24516e+13
14.3 -6.52228e+11 -1.25707e+13
14.4 -1.9093e+12 -1.24229e+13
14.5 -3.15159e+12 -1.20412e+13
14.6 -4.35571e+12 -1.12294e+13
14.7 -5.47865e+12 -1.01089e+13
14.8 -6.48953e+12 -9.45266e+12
14.9 -7.4348e+12 -7.18348e+12
15 -8.15315e+12 -6.0954e+12
