0 0 1
0.01 0.01 1
0.02 0.02 0.99988
0.03 0.0299988 0.999641
0.04 0.0399952 0.999281
0.05 0.049988 0.998802
0.06 0.059976 0.998204
0.07 0.0699581 0.997486
0.08 0.0799329 0.996648
0.09 0.0898994 0.99569
0.1 0.0998563 0.994614
0.11 0.109802 0.993418
0.12 0.119737 0.992102
0.13 0.129658 0.990668
0.14 0.139564 0.989115
0.15 0.149455 0.987443
0.16 0.15933 0.985652
0.17 0.169186 0.983743
0.18 0.179024 0.981715
0.19 0.188841 0.979569
0.2 0.198637 0.977304
0.21 0.20841 0.974922
0.22 0.218159 0.972421
0.23 0.227883 0.969802
0.24 0.237581 0.967066
0.25 0.247252 0.964212
0.26 0.256894 0.961239
0.27 0.266506 0.958149
0.28 0.276088 0.954941
0.29 0.285637 0.951616
0.3 0.295153 0.948172
0.31 0.304635 0.94461
0.32 0.314081 0.94093
0.33 0.323491 0.937132
0.34 0.332862 0.933215
0.35 0.342194 0.92918
0.36 0.351486 0.925025
0.37 0.360736 0.92075
0.38 0.369944 0.916356
0.39 0.379107 0.911842
0.4 0.388226 0.907206
0.41 0.397298 0.90245
0.42 0.406322 0.897571
0.43 0.415298 0.89257
0.44 0.424224 0.887445
0.45 0.433098 0.882197
0.46 0.44192 0.876823
0.47 0.450688 0.871323
0.48 0.459401 0.865697
0.49 0.468058 0.859943
0.5 0.476658 0.854059
0.51 0.485198 0.848046
0.52 0.493679 0.841901
0.53 0.502098 0.835623
0.54 0.510454 0.829211
0.55 0.518746 0.822663
0.56 0.526973 0.815978
0.57 0.535133 0.809154
0.58 0.543224 0.802189
0.59 0.551246 0.795083
0.6 0.559197 0.787832
0.61 0.567075 0.780435
0.62 0.57488 0.77289
0.63 0.582608 0.765195
0.64 0.59026 0.757347
0.65 0.597834 0.749346
0.66 0.605327 0.741188
0.67 0.612739 0.732871
0.68 0.620068 0.724392
0.69 0.627312 0.715751
0.7 0.634469 0.706943
0.71 0.641539 0.697967
0.72 0.648518 0.68882
0.73 0.655407 0.679499
0.74 0.662202 0.670003
0.75 0.668902 0.660328
0.76 0.675505 0.650473
0.77 0.68201 0.640434
0.78 0.688414 0.630209
0.79 0.694716 0.619796
0.8 0.700914 0.609191
0.81 0.707006 0.598394
0.82 0.71299 0.587402
0.83 0.718864 0.576212
0.84 0.724626 0.564823
0.85 0.730274 0.553232
0.86 0.735807 0.541438
0.87 0.741221 0.529439
0.88 0.746515 0.517234
0.89 0.751688 0.504822
0.9 0.756736 0.492202
0.91 0.761658 0.479372
0.92 0.766452 0.466333
0.93 0.771115 0.453084
0.94 0.775646 0.439626
0.95 0.780042 0.425958
0.96 0.784302 0.412083
0.97 0.788422 0.398001
0.98 0.792403 0.383713
0.99 0.79624 0.369223
1 0.799932 0.354532
1.01 0.803477 0.339644
1.02 0.806874 0.324562
1.03 0.810119 0.30929
1.04 0.813212 0.293833
1.05 0.81615 0.278195
1.06 0.818932 0.262384
1.07 0.821556 0.246404
1.08 0.82402 0.230262
1.09 0.826323 0.213967
1.1 0.828463 0.197524
1.11 0.830438 0.180944
1.12 0.832247 0.164234
1.13 0.83389 0.147405
1.14 0.835364 0.130465
1.15 0.836668 0.113425
1.16 0.837803 0.0962962
1.17 0.838766 0.0790888
1.18 0.839556 0.0618145
1.19 0.840175 0.0444849
1.2 0.840619 0.0271118
1.21 0.840891 0.00970734
1.22 0.840988 -0.0077163
1.23 0.84091 -0.0251468
1.24 0.840659 -0.0425719
1.25 0.840233 -0.0599791
1.26 0.839633 -0.0773563
1.27 0.83886 -0.0946914
1.28 0.837913 -0.111972
1.29 0.836793 -0.129187
1.3 0.835501 -0.146325
1.31 0.834038 -0.163374
1.32 0.832404 -0.180324
1.33 0.830601 -0.197164
1.34 0.82863 -0.213884
1.35 0.826491 -0.230476
1.36 0.824186 -0.246929
1.37 0.821717 -0.263235
1.38 0.819084 -0.279386
1.39 0.81629 -0.295375
1.4 0.813337 -0.311195
1.41 0.810225 -0.32684
1.42 0.806956 -0.342303
1.43 0.803533 -0.35758
1.44 0.799957 -0.372665
1.45 0.796231 -0.387555
1.46 0.792355 -0.402245
1.47 0.788333 -0.416733
1.48 0.784165 -0.431016
1.49 0.779855 -0.445091
1.5 0.775404 -0.458958
1.51 0.770815 -0.472614
1.52 0.766089 -0.486059
1.53 0.761228 -0.499291
1.54 0.756235 -0.512312
1.55 0.751112 -0.525121
1.56 0.745861 -0.537718
1.57 0.740484 -0.550104
1.58 0.734983 -0.562281
1.59 0.72936 -0.574248
1.6 0.723617 -0.586009
1.61 0.717757 -0.597564
1.62 0.711782 -0.608915
1.63 0.705692 -0.620065
1.64 0.699492 -0.631015
1.65 0.693182 -0.641767
1.66 0.686764 -0.652324
1.67 0.680241 -0.662688
1.68 0.673614 -0.672862
1.69 0.666885 -0.682848
1.7 0.660057 -0.692649
1.71 0.65313 -0.702267
1.72 0.646108 -0.711704
1.73 0.638991 -0.720964
1.74 0.631781 -0.730049
1.75 0.62448 -0.738962
1.76 0.617091 -0.747704
1.77 0.609614 -0.756279
1.78 0.602051 -0.764688
1.79 0.594404 -0.772935
1.8 0.586675 -0.781022
1.81 0.578865 -0.788951
1.82 0.570975 -0.796724
1.83 0.563008 -0.804344
1.84 0.554964 -0.811812
1.85 0.546846 -0.819131
1.86 0.538655 -0.826302
1.87 0.530392 -0.833328
1.88 0.522059 -0.840211
1.89 0.513657 -0.846951
1.9 0.505187 -0.853552
1.91 0.496651 -0.860014
1.92 0.488051 -0.866339
1.93 0.479388 -0.872528
1.94 0.470663 -0.878584
1.95 0.461877 -0.884506
1.96 0.453032 -0.890297
1.97 0.444129 -0.895958
1.98 0.435169 -0.901489
1.99 0.426154 -0.906892
2 0.417085 -0.912168
2.01 0.407964 -0.917317
2.02 0.398791 -0.922341
2.03 0.389567 -0.92724
2.04 0.380295 -0.932014
2.05 0.370975 -0.936666
2.06 0.361608 -0.941194
2.07 0.352196 -0.945599
2.08 0.34274 -0.949883
2.09 0.333241 -0.954044
2.1 0.323701 -0.958085
2.11 0.31412 -0.962004
2.12 0.3045 -0.965803
2.13 0.294842 -0.969482
2.14 0.285147 -0.973039
2.15 0.275417 -0.976477
2.16 0.265652 -0.979794
2.17 0.255854 -0.982992
2.18 0.246024 -0.986069
2.19 0.236163 -0.989026
2.2 0.226273 -0.991863
2.21 0.216354 -0.99458
2.22 0.206409 -0.997177
2.23 0.196437 -0.999654
2.24 0.18644 -1.00201
2.25 0.17642 -1.00425
2.26 0.166378 -1.00636
2.27 0.156314 -1.00835
2.28 0.146231 -1.01023
2.29 0.136128 -1.01198
2.3 0.126009 -1.01361
2.31 0.115872 -1.01512
2.32 0.105721 -1.01651
2.33 0.0955561 -1.01777
2.34 0.0853784 -1.01892
2.35 0.0751892 -1.01994
2.36 0.0649898 -1.02084
2.37 0.0547814 -1.02162
2.38 0.0445652 -1.02228
2.39 0.0343424 -1.02281
2.4 0.0241143 -1.02322
2.41 0.0138821 -1.02351
2.42 0.00364705 -1.02368
2.43 -0.00658971 -1.02372
2.44 -0.0168269 -1.02364
2.45 -0.0270633 -1.02344
2.46 -0.0372977 -1.02311
2.47 -0.0475289 -1.02267
2.48 -0.0577555 -1.0221
2.49 -0.0679765 -1.02141
2.5 -0.0781906 -1.02059
2.51 -0.0883965 -1.01966
2.52 -0.0985931 -1.0186
2.53 -0.108779 -1.01742
2.54 -0.118953 -1.01611
2.55 -0.129114 -1.01469
2.56 -0.139261 -1.01314
2.57 -0.149393 -1.01147
2.58 -0.159507 -1.00968
2.59 -0.169604 -1.00777
2.6 -0.179682 -1.00574
2.61 -0.189739 -1.00359
2.62 -0.199775 -1.00131
2.63 -0.209788 -0.998914
2.64 -0.219778 -0.996397
2.65 -0.229741 -0.993759
2.66 -0.239679 -0.991
2.67 -0.249589 -0.98812
2.68 -0.25947 -0.985119
2.69 -0.269321 -0.981997
2.7 -0.279141 -0.978755
2.71 -0.288929 -0.975392
2.72 -0.298683 -0.971907
2.73 -0.308402 -0.968301
2.74 -0.318085 -0.964574
2.75 -0.327731 -0.960726
2.76 -0.337338 -0.956755
2.77 -0.346906 -0.952662
2.78 -0.356432 -0.948447
2.79 -0.365917 -0.944109
2.8 -0.375358 -0.939647
2.81 -0.384754 -0.935061
2.82 -0.394105 -0.930351
2.83 -0.403408 -0.925515
2.84 -0.412663 -0.920554
2.85 -0.421869 -0.915466
2.86 -0.431024 -0.91025
2.87 -0.440126 -0.904906
2.88 -0.449175 -0.899432
2.89 -0.45817 -0.893827
2.9 -0.467108 -0.888091
2.91 -0.475989 -0.882222
2.92 -0.484811 -0.876219
2.93 -0.493573 -0.87008
2.94 -0.502274 -0.863804
2.95 -0.510912 -0.857389
2.96 -0.519486 -0.850833
2.97 -0.527994 -0.844136
2.98 -0.536436 -0.837295
2.99 -0.544809 -0.830307
3 -0.553112 -0.823172
3.01 -0.561343 -0.815887
3.02 -0.569502 -0.80845
3.03 -0.577587 -0.800859
3.04 -0.585595 -0.793111
3.05 -0.593526 -0.785204
3.06 -0.601378 -0.777135
3.07 -0.60915 -0.768903
3.08 -0.616839 -0.760503
3.09 -0.624444 -0.751934
3.1 -0.631963 -0.743192
3.11 -0.639395 -0.734276
3.12 -0.646738 -0.725181
3.13 -0.65399 -0.715905
3.14 -0.661149 -0.706446
3.15 -0.668213 -0.696799
3.16 -0.675181 -0.686962
3.17 -0.682051 -0.676932
3.18 -0.68882 -0.666706
3.19 -0.695487 -0.656281
3.2 -0.70205 -0.645653
3.21 -0.708507 -0.63482
3.22 -0.714855 -0.623778
3.23 -0.721092 -0.612526
3.24 -0.727218 -0.601059
3.25 -0.733228 -0.589376
3.26 -0.739122 -0.577473
3.27 -0.744897 -0.565349
3.28 -0.75055 -0.553001
3.29 -0.75608 -0.540427
3.3 -0.761485 -0.527625
3.31 -0.766761 -0.514593
3.32 -0.771907 -0.50133
3.33 -0.77692 -0.487836
3.34 -0.781798 -0.474109
3.35 -0.78654 -0.460149
3.36 -0.791141 -0.445956
3.37 -0.795601 -0.43153
3.38 -0.799916 -0.416873
3.39 -0.804085 -0.401985
3.4 -0.808104 -0.38687
3.41 -0.811973 -0.371528
3.42 -0.815688 -0.355963
3.43 -0.819248 -0.340179
3.44 -0.82265 -0.32418
3.45 -0.825892 -0.307971
3.46 -0.828971 -0.291556
3.47 -0.831887 -0.274942
3.48 -0.834636 -0.258137
3.49 -0.837218 -0.241147
3.5 -0.839629 -0.22398
3.51 -0.841869 -0.206645
3.52 -0.843935 -0.189152
3.53 -0.845827 -0.17151
3.54 -0.847542 -0.153731
3.55 -0.849079 -0.135825
3.56 -0.850438 -0.117805
3.57 -0.851616 -0.0996822
3.58 -0.852612 -0.0814698
3.59 -0.853427 -0.0631811
3.6 -0.854059 -0.0448294
3.61 -0.854507 -0.0264288
3.62 -0.854772 -0.00799329
3.63 -0.854852 0.0104629
3.64 -0.854747 0.0289253
3.65 -0.854458 0.0473795
3.66 -0.853984 0.0658111
3.67 -0.853326 0.0842059
3.68 -0.852484 0.10255
3.69 -0.851458 0.120829
3.7 -0.85025 0.139029
3.71 -0.84886 0.157137
3.72 -0.847288 0.175141
3.73 -0.845537 0.193028
3.74 -0.843607 0.210786
3.75 -0.841499 0.228404
3.76 -0.839215 0.245871
3.77 -0.836756 0.263176
3.78 -0.834124 0.280312
3.79 -0.831321 0.297267
3.8 -0.828348 0.314035
3.81 -0.825208 0.330608
3.82 -0.821902 0.346979
3.83 -0.818432 0.363142
3.84 -0.814801 0.379092
3.85 -0.81101 0.394823
3.86 -0.807062 0.410331
3.87 -0.802958 0.425614
3.88 -0.798702 0.440667
3.89 -0.794295 0.455489
3.9 -0.789741 0.470078
3.91 -0.78504 0.484432
3.92 -0.780195 0.498551
3.93 -0.77521 0.512433
3.94 -0.770086 0.52608
3.95 -0.764825 0.539492
3.96 -0.75943 0.552669
3.97 -0.753903 0.565613
3.98 -0.748247 0.578324
3.99 -0.742464 0.590806
4 -0.736556 0.603059
4.01 -0.730525 0.615086
4.02 -0.724374 0.626889
4.03 -0.718105 0.638471
4.04 -0.711721 0.649834
4.05 -0.705222 0.660981
4.06 -0.698613 0.671916
4.07 -0.691893 0.682641
4.08 -0.685067 0.693159
4.09 -0.678135 0.703473
4.1 -0.671101 0.713586
4.11 -0.663965 0.723503
4.12 -0.65673 0.733224
4.13 -0.649398 0.742755
4.14 -0.64197 0.752098
4.15 -0.634449 0.761255
4.16 -0.626836 0.770231
4.17 -0.619134 0.779027
4.18 -0.611344 0.787648
4.19 -0.603467 0.796096
4.2 -0.595506 0.804373
4.21 -0.587463 0.812483
4.22 -0.579338 0.820427
4.23 -0.571134 0.82821
4.24 -0.562852 0.835832
4.25 -0.554493 0.843298
4.26 -0.54606 0.850608
4.27 -0.537554 0.857765
4.28 -0.528977 0.864772
4.29 -0.520329 0.87163
4.3 -0.511612 0.878342
4.31 -0.502829 0.884908
4.32 -0.49398 0.891332
4.33 -0.485067 0.897615
4.34 -0.476091 0.903758
4.35 -0.467053 0.909763
4.36 -0.457955 0.915631
4.37 -0.448799 0.921364
4.38 -0.439585 0.926963
4.39 -0.430316 0.932429
4.4 -0.420991 0.937764
4.41 -0.411614 0.942967
4.42 -0.402184 0.948041
4.43 -0.392704 0.952986
4.44 -0.383174 0.957802
4.45 -0.373596 0.962492
4.46 -0.363971 0.967054
4.47 -0.3543 0.97149
4.48 -0.344585 0.975801
4.49 -0.334827 0.979987
4.5 -0.325028 0.984047
4.51 -0.315187 0.987984
4.52 -0.305307 0.991796
4.53 -0.295389 0.995484
4.54 -0.285434 0.999049
4.55 -0.275444 1.00249
4.56 -0.265419 1.00581
4.57 -0.255361 1.009
4.58 -0.245271 1.01207
4.59 -0.23515 1.01502
4.6 -0.225 1.01785
4.61 -0.214822 1.02055
4.62 -0.204616 1.02313
4.63 -0.194385 1.02558
4.64 -0.184129 1.02791
4.65 -0.17385 1.03012
4.66 -0.163549 1.0322
4.67 -0.153227 1.03416
4.68 -0.142885 1.036
4.69 -0.132525 1.03771
4.7 -0.122148 1.0393
4.71 -0.111755 1.04076
4.72 -0.101347 1.0421
4.73 -0.0909263 1.04332
4.74 -0.0804931 1.0444
4.75 -0.0700491 1.04537
4.76 -0.0595954 1.04621
4.77 -0.0491333 1.04692
4.78 -0.0386641 1.04751
4.79 -0.028189 1.04797
4.8 -0.0177093 1.04831
4.81 -0.0072262 1.04852
4.82 0.00325902 1.04861
4.83 0.0137451 1.04857
4.84 0.0242308 1.0484
4.85 0.0347148 1.04811
4.86 0.045196 1.0477
4.87 0.055673 1.04716
4.88 0.0661446 1.04649
4.89 0.0766095 1.0457
4.9 0.0870665 1.04478
4.91 0.0975143 1.04374
4.92 0.107952 1.04257
4.93 0.118377 1.04128
4.94 0.12879 1.03986
4.95 0.139189 1.03832
4.96 0.149572 1.03665
4.97 0.159938 1.03486
4.98 0.170287 1.03294
4.99 0.180616 1.0309
5 0.190925 1.02873
5.01 0.201213 1.02644
5.02 0.211477 1.02403
5.03 0.221717 1.02149
5.04 0.231932 1.01883
5.05 0.242121 1.01605
5.06 0.252281 1.01314
5.07 0.262412 1.0101
5.08 0.272514 1.00694
5.09 0.282583 1.00366
5.1 0.29262 1.00026
5.11 0.302622 0.996727
5.12 0.312589 0.993072
5.13 0.32252 0.989292
5.14 0.332413 0.985388
5.15 0.342267 0.981358
5.16 0.352081 0.977202
5.17 0.361853 0.97292
5.18 0.371582 0.968511
5.19 0.381267 0.963975
5.2 0.390907 0.959311
5.21 0.4005 0.954519
5.22 0.410045 0.949597
5.23 0.419541 0.944545
5.24 0.428986 0.939361
5.25 0.43838 0.934046
5.26 0.44772 0.928597
5.27 0.457006 0.923014
5.28 0.466237 0.917295
5.29 0.475409 0.911439
5.3 0.484524 0.905444
5.31 0.493578 0.899309
5.32 0.502571 0.893033
5.33 0.511502 0.886613
5.34 0.520368 0.880048
5.35 0.529168 0.873336
5.36 0.537902 0.866475
5.37 0.546566 0.859462
5.38 0.555161 0.852295
5.39 0.563684 0.844973
5.4 0.572134 0.837492
5.41 0.580509 0.82985
5.42 0.588807 0.822045
5.43 0.597028 0.814073
5.44 0.605168 0.805931
5.45 0.613228 0.797618
5.46 0.621204 0.789129
5.47 0.629095 0.780461
5.48 0.6369 0.771612
5.49 0.644616 0.762578
5.5 0.652242 0.753355
5.51 0.659775 0.74394
5.52 0.667215 0.73433
5.53 0.674558 0.72452
5.54 0.681803 0.714508
5.55 0.688948 0.704289
5.56 0.695991 0.693859
5.57 0.70293 0.683216
5.58 0.709762 0.672355
5.59 0.716485 0.661272
5.6 0.723098 0.649964
5.61 0.729598 0.638428
5.62 0.735982 0.626658
5.63 0.742249 0.614653
5.64 0.748395 0.602408
5.65 0.754419 0.589921
5.66 0.760318 0.577188
5.67 0.76609 0.564207
5.68 0.771732 0.550974
5.69 0.777242 0.537487
5.7 0.782617 0.523745
5.71 0.787854 0.509745
5.72 0.792952 0.495486
5.73 0.797907 0.480967
5.74 0.802716 0.466188
5.75 0.807378 0.451148
5.76 0.81189 0.435847
5.77 0.816248 0.420288
5.78 0.820451 0.40447
5.79 0.824496 0.388397
5.8 0.82838 0.372071
5.81 0.8321 0.355496
5.82 0.835655 0.338676
5.83 0.839042 0.321617
5.84 0.842258 0.304323
5.85 0.845302 0.286802
5.86 0.84817 0.269061
5.87 0.85086 0.251109
5.88 0.853371 0.232954
5.89 0.855701 0.214607
5.9 0.857847 0.196078
5.91 0.859808 0.177379
5.92 0.861582 0.158522
5.93 0.863167 0.13952
5.94 0.864562 0.120387
5.95 0.865766 0.101138
5.96 0.866777 0.0817875
5.97 0.867595 0.0623508
5.98 0.868219 0.042844
5.99 0.868647 0.0232835
6 0.86888 0.00368605
6.01 0.868917 -0.0159316
6.02 0.868757 -0.0355525
6.03 0.868402 -0.0551596
6.04 0.86785 -0.0747358
6.05 0.867103 -0.0942646
6.06 0.86616 -0.113729
6.07 0.865023 -0.133113
6.08 0.863692 -0.152401
6.09 0.862168 -0.171578
6.1 0.860452 -0.190628
6.11 0.858546 -0.209537
6.12 0.85645 -0.228292
6.13 0.854167 -0.24688
6.14 0.851699 -0.265289
6.15 0.849046 -0.283508
6.16 0.846211 -0.301526
6.17 0.843195 -0.319333
6.18 0.840002 -0.336921
6.19 0.836633 -0.354282
6.2 0.83309 -0.371409
6.21 0.829376 -0.388295
6.22 0.825493 -0.404935
6.23 0.821444 -0.421324
6.24 0.81723 -0.437459
6.25 0.812856 -0.453335
6.26 0.808323 -0.468951
6.27 0.803633 -0.484306
6.28 0.79879 -0.499396
6.29 0.793796 -0.514223
6.3 0.788654 -0.528786
6.31 0.783366 -0.543085
6.32 0.777935 -0.557121
6.33 0.772364 -0.570896
6.34 0.766655 -0.584412
6.35 0.760811 -0.597669
6.36 0.754834 -0.610672
6.37 0.748727 -0.623422
6.38 0.742493 -0.635923
6.39 0.736134 -0.648177
6.4 0.729652 -0.660188
6.41 0.72305 -0.671959
6.42 0.716331 -0.683494
6.43 0.709496 -0.694797
6.44 0.702548 -0.705871
6.45 0.695489 -0.71672
6.46 0.688322 -0.727348
6.47 0.681048 -0.737758
6.48 0.673671 -0.747955
6.49 0.666191 -0.757943
6.5 0.658612 -0.767725
6.51 0.650935 -0.777305
6.52 0.643161 -0.786686
6.53 0.635295 -0.795873
6.54 0.627336 -0.804869
6.55 0.619287 -0.813677
6.56 0.61115 -0.822301
6.57 0.602927 -0.830745
6.58 0.59462 -0.83901
6.59 0.58623 -0.847101
6.6 0.577759 -0.855021
6.61 0.569209 -0.862773
6.62 0.560581 -0.870358
6.63 0.551877 -0.877781
6.64 0.5431 -0.885044
6.65 0.534249 -0.892148
6.66 0.525328 -0.899097
6.67 0.516337 -0.905893
6.68 0.507278 -0.912538
6.69 0.498152 -0.919034
6.7 0.488962 -0.925383
6.71 0.479708 -0.931587
6.72 0.470392 -0.937647
6.73 0.461016 -0.943565
6.74 0.45158 -0.949344
6.75 0.442087 -0.954983
6.76 0.432537 -0.960485
6.77 0.422932 -0.965851
6.78 0.413274 -0.971081
6.79 0.403563 -0.976178
6.8 0.393801 -0.981142
6.81 0.38399 -0.985973
6.82 0.37413 -0.990673
6.83 0.364223 -0.995243
6.84 0.354271 -0.999682
6.85 0.344274 -1.00399
6.86 0.334234 -1.00817
6.87 0.324152 -1.01223
6.88 0.31403 -1.01615
6.89 0.303868 -1.01995
6.9 0.293669 -1.02362
6.91 0.283433 -1.02716
6.92 0.273161 -1.03058
6.93 0.262855 -1.03387
6.94 0.252516 -1.03703
6.95 0.242146 -1.04007
6.96 0.231745 -1.04298
6.97 0.221316 -1.04576
6.98 0.210858 -1.04842
6.99 0.200374 -1.05095
7 0.189864 -1.05335
7.01 0.179331 -1.05563
7.02 0.168775 -1.05778
7.03 0.158197 -1.0598
7.04 0.147599 -1.0617
7.05 0.136982 -1.06347
7.06 0.126347 -1.06511
7.07 0.115696 -1.06662
7.08 0.10503 -1.06801
7.09 0.0943496 -1.06927
7.1 0.083657 -1.0704
7.11 0.072953 -1.0714
7.12 0.0622391 -1.07227
7.13 0.0515163 -1.07302
7.14 0.0407862 -1.07363
7.15 0.0300498 -1.07412
7.16 0.0193086 -1.07448
7.17 0.0085638 -1.07471
7.18 -0.00218334 -1.07482
7.19 -0.0129315 -1.07479
7.2 -0.0236794 -1.07463
7.21 -0.0344257 -1.07435
7.22 -0.0451693 -1.07394
7.23 -0.0559086 -1.0734
7.24 -0.0666426 -1.07273
7.25 -0.0773699 -1.07193
7.26 -0.0880892 -1.071
7.27 -0.0987992 -1.06995
7.28 -0.109499 -1.06877
7.29 -0.120186 -1.06745
7.3 -0.130861 -1.06601
7.31 -0.141521 -1.06445
7.32 -0.152166 -1.06275
7.33 -0.162793 -1.06093
7.34 -0.173402 -1.05898
7.35 -0.183992 -1.0569
7.36 -0.194561 -1.05469
7.37 -0.205108 -1.05236
7.38 -0.215632 -1.0499
7.39 -0.226131 -1.04731
7.4 -0.236604 -1.04459
7.41 -0.24705 -1.04175
7.42 -0.257467 -1.03878
7.43 -0.267855 -1.03569
7.44 -0.278212 -1.03246
7.45 -0.288536 -1.02911
7.46 -0.298827 -1.02563
7.47 -0.309084 -1.02202
7.48 -0.319304 -1.01829
7.49 -0.329487 -1.01442
7.5 -0.339631 -1.01043
7.51 -0.349735 -1.00631
7.52 -0.359798 -1.00206
7.53 -0.369819 -0.997674
7.54 -0.379796 -0.993161
7.55 -0.389727 -0.988517
7.56 -0.399613 -0.98374
7.57 -0.40945 -0.97883
7.58 -0.419238 -0.973786
7.59 -0.428976 -0.968607
7.6 -0.438662 -0.963291
7.61 -0.448295 -0.957838
7.62 -0.457873 -0.952247
7.63 -0.467396 -0.946515
7.64 -0.476861 -0.940642
7.65 -0.486267 -0.934625
7.66 -0.495614 -0.928463
7.67 -0.504898 -0.922155
7.68 -0.51412 -0.915697
7.69 -0.523277 -0.909089
7.7 -0.532368 -0.902328
7.71 -0.541391 -0.895411
7.72 -0.550345 -0.888337
7.73 -0.559229 -0.881103
7.74 -0.56804 -0.873705
7.75 -0.576777 -0.866142
7.76 -0.585438 -0.85841
7.77 -0.594022 -0.850506
7.78 -0.602527 -0.842427
7.79 -0.610951 -0.83417
7.8 -0.619293 -0.825731
7.81 -0.62755 -0.817106
7.82 -0.635722 -0.808293
7.83 -0.643804 -0.799287
7.84 -0.651797 -0.790084
7.85 -0.659698 -0.780681
7.86 -0.667505 -0.771073
7.87 -0.675216 -0.761255
7.88 -0.682828 -0.751224
7.89 -0.690341 -0.740975
7.9 -0.69775 -0.730504
7.91 -0.705055 -0.719806
7.92 -0.712253 -0.708877
7.93 -0.719342 -0.697712
7.94 -0.726319 -0.686306
7.95 -0.733182 -0.674655
7.96 -0.739929 -0.662754
7.97 -0.746556 -0.650599
7.98 -0.753062 -0.638185
7.99 -0.759444 -0.625508
8 -0.765699 -0.612564
8.01 -0.771825 -0.599348
8.02 -0.777818 -0.585858
8.03 -0.783677 -0.572088
8.04 -0.789398 -0.558037
8.05 -0.794978 -0.5437
8.06 -0.800415 -0.529075
8.07 -0.805706 -0.514161
8.08 -0.810848 -0.498955
8.09 -0.815837 -0.483456
8.1 -0.820672 -0.467663
8.11 -0.825348 -0.451576
8.12 -0.829864 -0.435196
8.13 -0.834216 -0.418524
8.14 -0.838401 -0.401562
8.15 -0.842417 -0.384313
8.16 -0.84626 -0.366781
8.17 -0.849928 -0.34897
8.18 -0.853418 -0.330886
8.19 -0.856726 -0.312535
8.2 -0.859852 -0.293925
8.21 -0.862791 -0.275064
8.22 -0.865542 -0.255963
8.23 -0.868101 -0.236631
8.24 -0.870468 -0.217081
8.25 -0.872638 -0.197325
8.26 -0.874612 -0.177376
8.27 -0.876385 -0.157251
8.28 -0.877958 -0.136963
8.29 -0.879328 -0.11653
8.3 -0.880493 -0.0959692
8.31 -0.881453 -0.0752983
8.32 -0.882206 -0.0545361
8.33 -0.882751 -0.0337018
8.34 -0.883088 -0.0128149
8.35 -0.883216 0.00810457
8.36 -0.883135 0.0290364
8.37 -0.882845 0.0499604
8.38 -0.882345 0.0708564
8.39 -0.881637 0.0917041
8.4 -0.880719 0.112484
8.41 -0.879595 0.133176
8.42 -0.878263 0.153762
8.43 -0.876725 0.174224
8.44 -0.874983 0.194542
8.45 -0.873038 0.214702
8.46 -0.870891 0.234686
8.47 -0.868544 0.254479
8.48 -0.865999 0.274068
8.49 -0.863258 0.293438
8.5 -0.860324 0.312579
8.51 -0.857198 0.331477
8.52 -0.853883 0.350125
8.53 -0.850382 0.368512
8.54 -0.846697 0.38663
8.55 -0.842831 0.404474
8.56 -0.838786 0.422036
8.57 -0.834566 0.439311
8.58 -0.830172 0.456297
8.59 -0.825609 0.472989
8.6 -0.82088 0.489386
8.61 -0.815986 0.505485
8.62 -0.810931 0.521287
8.63 -0.805718 0.536791
8.64 -0.80035 0.551998
8.65 -0.79483 0.566909
8.66 -0.789161 0.581525
8.67 -0.783346 0.59585
8.68 -0.777387 0.609885
8.69 -0.771288 0.623635
8.7 -0.765052 0.637101
8.71 -0.758681 0.650288
8.72 -0.752178 0.6632
8.73 -0.745546 0.67584
8.74 -0.738788 0.688214
8.75 -0.731906 0.700326
8.76 -0.724902 0.712179
8.77 -0.717781 0.72378
8.78 -0.710543 0.735132
8.79 -0.703191 0.74624
8.8 -0.695729 0.75711
8.81 -0.688158 0.767745
8.82 -0.680481 0.778151
8.83 -0.672699 0.788332
8.84 -0.664816 0.798292
8.85 -0.656833 0.808037
8.86 -0.648752 0.81757
8.87 -0.640577 0.826896
8.88 -0.632308 0.83602
8.89 -0.623948 0.844945
8.9 -0.615498 0.853675
8.91 -0.606961 0.862214
8.92 -0.598339 0.870566
8.93 -0.589634 0.878735
8.94 -0.580846 0.886724
8.95 -0.571979 0.894536
8.96 -0.563034 0.902175
8.97 -0.554012 0.909643
8.98 -0.544915 0.916945
8.99 -0.535746 0.924082
9 -0.526505 0.931057
9.01 -0.517195 0.937873
9.02 -0.507816 0.944532
9.03 -0.498371 0.951037
9.04 -0.48886 0.957389
9.05 -0.479286 0.963591
9.06 -0.46965 0.969645
9.07 -0.459954 0.975552
9.08 -0.450198 0.981315
9.09 -0.440385 0.986934
9.1 -0.430516 0.992412
9.11 -0.420592 0.997749
9.12 -0.410614 1.00295
9.13 -0.400585 1.00801
9.14 -0.390505 1.01293
9.15 -0.380375 1.01772
9.16 -0.370198 1.02237
9.17 -0.359975 1.02689
9.18 -0.349706 1.03127
9.19 -0.339393 1.03552
9.2 -0.329038 1.03964
9.21 -0.318641 1.04363
9.22 -0.308205 1.04748
9.23 -0.29773 1.05121
9.24 -0.287218 1.0548
9.25 -0.27667 1.05827
9.26 -0.266087 1.0616
9.27 -0.255471 1.0648
9.28 -0.244823 1.06787
9.29 -0.234145 1.07082
9.3 -0.223437 1.07363
9.31 -0.2127 1.07631
9.32 -0.201937 1.07886
9.33 -0.191148 1.08129
9.34 -0.180336 1.08358
9.35 -0.1695 1.08574
9.36 -0.158642 1.08777
9.37 -0.147765 1.08967
9.38 -0.136868 1.09144
9.39 -0.125954 1.09308
9.4 -0.115023 1.09459
9.41 -0.104077 1.09597
9.42 -0.093117 1.09722
9.43 -0.0821449 1.09833
9.44 -0.0711615 1.09932
9.45 -0.0601684 1.10017
9.46 -0.0491667 1.10089
9.47 -0.0381578 1.10148
9.48 -0.027143 1.10194
9.49 -0.0161236 1.10226
9.5 -0.00510105 1.10245
9.51 0.00592348 1.10251
9.52 0.0169486 1.10244
9.53 0.0279731 1.10224
9.54 0.0389955 1.10191
9.55 0.0500145 1.10144
9.56 0.0610289 1.10084
9.57 0.0720373 1.10011
9.58 0.0830384 1.09925
9.59 0.0940308 1.09825
9.6 0.105013 1.09713
9.61 0.115985 1.09587
9.62 0.126943 1.09448
9.63 0.137888 1.09296
9.64 0.148818 1.09131
9.65 0.159731 1.08952
9.66 0.170626 1.08761
9.67 0.181502 1.08556
9.68 0.192358 1.08339
9.69 0.203191 1.08108
9.7 0.214002 1.07864
9.71 0.224789 1.07607
9.72 0.235549 1.07338
9.73 0.246283 1.07055
9.74 0.256989 1.06759
9.75 0.267665 1.06449
9.76 0.278309 1.06127
9.77 0.288922 1.05792
9.78 0.299501 1.05443
9.79 0.310046 1.05082
9.8 0.320554 1.04707
9.81 0.331025 1.04319
9.82 0.341457 1.03918
9.83 0.351848 1.03503
9.84 0.362199 1.03075
9.85 0.372506 1.02634
9.86 0.38277 1.02179
9.87 0.392988 1.01711
9.88 0.403159 1.01229
9.89 0.413281 1.00733
9.9 0.423355 1.00223
9.91 0.433377 0.996997
9.92 0.443347 0.99162
9.93 0.453263 0.9861
9.94 0.463124 0.980436
9.95 0.472929 0.974626
9.96 0.482675 0.968669
9.97 0.492362 0.962563
9.98 0.501987 0.956306
9.99 0.51155 0.949896
10 0.521049 0.94333
10.01 0.530483 0.936606
10.02 0.539849 0.929722
10.03 0.549146 0.922675
10.04 0.558373 0.915462
10.05 0.567527 0.908081
10.06 0.576608 0.900527
10.07 0.585613 0.892798
10.08 0.594541 0.884891
10.09 0.60339 0.876801
10.1 0.612158 0.868525
10.11 0.620843 0.86006
10.12 0.629444 0.851401
10.13 0.637958 0.842543
10.14 0.646383 0.833484
10.15 0.654718 0.824217
10.16 0.66296 0.814738
10.17 0.671108 0.805043
10.18 0.679158 0.795127
10.19 0.68711 0.784984
10.2 0.694959 0.77461
10.21 0.702705 0.763998
10.22 0.710345 0.753144
10.23 0.717877 0.742042
10.24 0.725297 0.730687
10.25 0.732604 0.719072
10.26 0.739795 0.707193
10.27 0.746867 0.695043
10.28 0.753817 0.682617
10.29 0.760643 0.669908
10.3 0.767343 0.656913
10.31 0.773912 0.643624
10.32 0.780348 0.630038
10.33 0.786648 0.616148
10.34 0.79281 0.601949
10.35 0.798829 0.587438
10.36 0.804704 0.572609
10.37 0.81043 0.557459
10.38 0.816004 0.541984
10.39 0.821424 0.526181
10.4 0.826686 0.510048
10.41 0.831786 0.493582
10.42 0.836722 0.476783
10.43 0.84149 0.45965
10.44 0.846087 0.442184
10.45 0.850508 0.424386
10.46 0.854752 0.406258
10.47 0.858815 0.387803
10.48 0.862693 0.369026
10.49 0.866383 0.349933
10.5 0.869882 0.33053
10.51 0.873188 0.310825
10.52 0.876296 0.290827
10.53 0.879204 0.270548
10.54 0.88191 0.249999
10.55 0.88441 0.229193
10.56 0.886702 0.208145
10.57 0.888783 0.186871
10.58 0.890652 0.165387
10.59 0.892306 0.143714
10.6 0.893743 0.121869
10.61 0.894962 0.0998733
10.62 0.89596 0.0777488
10.63 0.896738 0.0555175
10.64 0.897293 0.0332026
10.65 0.897625 0.0108275
10.66 0.897733 -0.0115835
10.67 0.897617 -0.0340064
10.68 0.897277 -0.0564167
10.69 0.896713 -0.07879
10.7 0.895925 -0.101102
10.71 0.894914 -0.12333
10.72 0.893681 -0.145449
10.73 0.892226 -0.167438
10.74 0.890552 -0.189275
10.75 0.888659 -0.210938
10.76 0.88655 -0.232409
10.77 0.884226 -0.253668
10.78 0.881689 -0.274698
10.79 0.878942 -0.295483
10.8 0.875987 -0.316008
10.81 0.872827 -0.336259
10.82 0.869465 -0.356224
10.83 0.865902 -0.375893
10.84 0.862144 -0.395255
10.85 0.858191 -0.414303
10.86 0.854048 -0.433029
10.87 0.849718 -0.451429
10.88 0.845203 -0.469498
10.89 0.840508 -0.487231
10.9 0.835636 -0.504628
10.91 0.83059 -0.521686
10.92 0.825373 -0.538406
10.93 0.819989 -0.554787
10.94 0.814441 -0.570832
10.95 0.808733 -0.586542
10.96 0.802867 -0.601919
10.97 0.796848 -0.616968
10.98 0.790678 -0.631691
10.99 0.784362 -0.646093
11 0.777901 -0.660178
11.01 0.771299 -0.673951
11.02 0.764559 -0.687418
11.03 0.757685 -0.700583
11.04 0.750679 -0.713453
11.05 0.743545 -0.726033
11.06 0.736284 -0.738328
11.07 0.728901 -0.750344
11.08 0.721398 -0.762088
11.09 0.713777 -0.773566
11.1 0.706041 -0.784782
11.11 0.698193 -0.795743
11.12 0.690236 -0.806455
11.13 0.682171 -0.816922
11.14 0.674002 -0.827152
11.15 0.665731 -0.837149
11.16 0.657359 -0.846918
11.17 0.64889 -0.856465
11.18 0.640325 -0.865795
11.19 0.631667 -0.874912
11.2 0.622918 -0.883822
11.21 0.61408 -0.892529
11.22 0.605155 -0.901036
11.23 0.596144 -0.90935
11.24 0.587051 -0.917473
11.25 0.577876 -0.925409
11.26 0.568622 -0.933163
11.27 0.55929 -0.940737
11.28 0.549883 -0.948136
11.29 0.540402 -0.955362
11.3 0.530848 -0.962419
11.31 0.521224 -0.969309
11.32 0.511531 -0.976036
11.33 0.50177 -0.982601
11.34 0.491944 -0.989008
11.35 0.482054 -0.995259
11.36 0.472102 -1.00136
11.37 0.462088 -1.0073
11.38 0.452015 -1.01309
11.39 0.441884 -1.01874
11.4 0.431697 -1.02424
11.41 0.421454 -1.02959
11.42 0.411159 -1.0348
11.43 0.400811 -1.03987
11.44 0.390412 -1.0448
11.45 0.379964 -1.04958
11.46 0.369468 -1.05423
11.47 0.358926 -1.05874
11.48 0.348338 -1.06311
11.49 0.337707 -1.06734
11.5 0.327034 -1.07144
11.51 0.31632 -1.0754
11.52 0.305566 -1.07923
11.53 0.294773 -1.08292
11.54 0.283944 -1.08648
11.55 0.273079 -1.0899
11.56 0.26218 -1.09319
11.57 0.251248 -1.09634
11.58 0.240285 -1.09936
11.59 0.229291 -1.10225
11.6 0.218269 -1.105
11.61 0.207219 -1.10762
11.62 0.196143 -1.11011
11.63 0.185042 -1.11246
11.64 0.173917 -1.11468
11.65 0.16277 -1.11677
11.66 0.151602 -1.11872
11.67 0.140415 -1.12053
11.68 0.12921 -1.12222
11.69 0.117988 -1.12376
11.7 0.10675 -1.12518
11.71 0.0954985 -1.12645
11.72 0.0842339 -1.1276
11.73 0.0729579 -1.12861
11.74 0.0616719 -1.12948
11.75 0.050377 -1.13022
11.76 0.0390748 -1.13082
11.77 0.0277666 -1.13129
11.78 0.0164537 -1.13162
11.79 0.00513746 -1.13182
11.8 -0.00618074 -1.13188
11.81 -0.0174996 -1.13181
11.82 -0.0288176 -1.1316
11.83 -0.0401336 -1.13125
11.84 -0.0514462 -1.13077
11.85 -0.0627539 -1.13016
11.86 -0.0740555 -1.12941
11.87 -0.0853495 -1.12852
11.88 -0.0966347 -1.1275
11.89 -0.10791 -1.12634
11.9 -0.119173 -1.12505
11.91 -0.130424 -1.12362
11.92 -0.14166 -1.12206
11.93 -0.15288 -1.12036
11.94 -0.164084 -1.11853
11.95 -0.175269 -1.11656
11.96 -0.186435 -1.11446
11.97 -0.197579 -1.11222
11.98 -0.208702 -1.10985
11.99 -0.2198 -1.10735
12 -0.230874 -1.10471
12.01 -0.241921 -1.10194
12.02 -0.25294 -1.09903
12.03 -0.26393 -1.09599
12.04 -0.27489 -1.09281
12.05 -0.285818 -1.0895
12.06 -0.296713 -1.08606
12.07 -0.307574 -1.08248
12.08 -0.318399 -1.07876
12.09 -0.329186 -1.07491
12.1 -0.339935 -1.07092
12.11 -0.350645 -1.06679
12.12 -0.361313 -1.06253
12.13 -0.371938 -1.05813
12.14 -0.382519 -1.05359
12.15 -0.393055 -1.04891
12.16 -0.403544 -1.04408
12.17 -0.413985 -1.03912
12.18 -0.424376 -1.03401
12.19 -0.434716 -1.02876
12.2 -0.445004 -1.02337
12.21 -0.455237 -1.01782
12.22 -0.465416 -1.01213
12.23 -0.475537 -1.00629
12.24 -0.4856 -1.00029
12.25 -0.495603 -0.994138
12.26 -0.505544 -0.98783
12.27 -0.515422 -0.981362
12.28 -0.525236 -0.974732
12.29 -0.534983 -0.967938
12.3 -0.544663 -0.960976
12.31 -0.554272 -0.953843
12.32 -0.563811 -0.946537
12.33 -0.573276 -0.939054
12.34 -0.582667 -0.93139
12.35 -0.591981 -0.923542
12.36 -0.601216 -0.915505
12.37 -0.610371 -0.907275
12.38 -0.619444 -0.898849
12.39 -0.628432 -0.890221
12.4 -0.637335 -0.881388
12.41 -0.646149 -0.872343
12.42 -0.654872 -0.863082
12.43 -0.663503 -0.8536
12.44 -0.672039 -0.84389
12.45 -0.680478 -0.833948
12.46 -0.688817 -0.823767
12.47 -0.697055 -0.813342
12.48 -0.705188 -0.802666
12.49 -0.713215 -0.791732
12.5 -0.721132 -0.780535
12.51 -0.728938 -0.769067
12.52 -0.736628 -0.757321
12.53 -0.744201 -0.745292
12.54 -0.751654 -0.732971
12.55 -0.758984 -0.720352
12.56 -0.766188 -0.707427
12.57 -0.773262 -0.69419
12.58 -0.780204 -0.680633
12.59 -0.78701 -0.66675
12.6 -0.793678 -0.652533
12.61 -0.800203 -0.637977
12.62 -0.806583 -0.623074
12.63 -0.812813 -0.607819
12.64 -0.818892 -0.592205
12.65 -0.824814 -0.576227
12.66 -0.830576 -0.559881
12.67 -0.836175 -0.543163
12.68 -0.841606 -0.526067
12.69 -0.846867 -0.508593
12.7 -0.851953 -0.490737
12.71 -0.85686 -0.472499
12.72 -0.861585 -0.453879
12.73 -0.866124 -0.434877
12.74 -0.870473 -0.415495
12.75 -0.874628 -0.395739
12.76 -0.878585 -0.375611
12.77 -0.882341 -0.35512
12.78 -0.885893 -0.334273
12.79 -0.889235 -0.313079
12.8 -0.892366 -0.29155
12.81 -0.895282 -0.269699
12.82 -0.897979 -0.24754
12.83 -0.900454 -0.22509
12.84 -0.902705 -0.202368
12.85 -0.904729 -0.179393
12.86 -0.906522 -0.156186
12.87 -0.908084 -0.13277
12.88 -0.909412 -0.10917
12.89 -0.910504 -0.085412
12.9 -0.911358 -0.0615221
12.91 -0.911973 -0.0375283
12.92 -0.912348 -0.0134592
12.93 -0.912483 0.0106561
12.94 -0.912376 0.0347879
12.95 -0.912029 0.0589066
12.96 -0.911439 0.0829826
12.97 -0.91061 0.106986
12.98 -0.90954 0.130889
12.99 -0.908231 0.154663
13 -0.906684 0.17828
13.01 -0.904901 0.201714
13.02 -0.902884 0.224941
13.03 -0.900635 0.247937
13.04 -0.898156 0.27068
13.05 -0.895449 0.293149
13.06 -0.892517 0.315325
13.07 -0.889364 0.337192
13.08 -0.885992 0.358734
13.09 -0.882405 0.379938
13.1 -0.878605 0.400791
13.11 -0.874597 0.421285
13.12 -0.870385 0.441409
13.13 -0.86597 0.461158
13.14 -0.861359 0.480526
13.15 -0.856554 0.49951
13.16 -0.851559 0.518106
13.17 -0.846377 0.536314
13.18 -0.841014 0.554133
13.19 -0.835473 0.571566
13.2 -0.829757 0.588613
13.21 -0.823871 0.605278
13.22 -0.817818 0.621564
13.23 -0.811603 0.637477
13.24 -0.805228 0.65302
13.25 -0.798698 0.668199
13.26 -0.792016 0.683021
13.27 -0.785186 0.697491
13.28 -0.778211 0.711617
13.29 -0.771095 0.725405
13.3 -0.763841 0.738863
13.31 -0.756452 0.751997
13.32 -0.748932 0.764814
13.33 -0.741284 0.777323
13.34 -0.733511 0.78953
13.35 -0.725615 0.801443
13.36 -0.717601 0.813069
13.37 -0.70947 0.824415
13.38 -0.701226 0.835488
13.39 -0.692871 0.846295
13.4 -0.684408 0.856843
13.41 -0.67584 0.867138
13.42 -0.667168 0.877186
13.43 -0.658396 0.886995
13.44 -0.649527 0.896569
13.45 -0.640561 0.905915
13.46 -0.631502 0.915038
13.47 -0.622351 0.923943
13.48 -0.613112 0.932637
13.49 -0.603785 0.941123
13.5 -0.594374 0.949407
13.51 -0.58488 0.957494
13.52 -0.575305 0.965386
13.53 -0.565651 0.97309
13.54 -0.55592 0.980608
13.55 -0.546114 0.987944
13.56 -0.536235 0.995102
13.57 -0.526284 1.00209
13.58 -0.516263 1.0089
13.59 -0.506174 1.01554
13.6 -0.496019 1.02202
13.61 -0.485798 1.02833
13.62 -0.475515 1.03449
13.63 -0.46517 1.04049
13.64 -0.454765 1.04633
13.65 -0.444302 1.05201
13.66 -0.433782 1.05755
13.67 -0.423207 1.06293
13.68 -0.412577 1.06816
13.69 -0.401896 1.07325
13.7 -0.391163 1.07819
13.71 -0.380381 1.08299
13.72 -0.369551 1.08764
13.73 -0.358675 1.09215
13.74 -0.347753 1.09652
13.75 -0.336788 1.10074
13.76 -0.325781 1.10483
13.77 -0.314733 1.10877
13.78 -0.303645 1.11258
13.79 -0.292519 1.11625
13.8 -0.281357 1.11978
13.81 -0.270159 1.12317
13.82 -0.258927 1.12642
13.83 -0.247663 1.12954
13.84 -0.236368 1.13251
13.85 -0.225042 1.13535
13.86 -0.213689 1.13805
13.87 -0.202308 1.14062
13.88 -0.190902 1.14305
13.89 -0.179472 1.14533
13.9 -0.168018 1.14749
13.91 -0.156544 1.1495
13.92 -0.145049 1.15138
13.93 -0.133535 1.15311
13.94 -0.122004 1.15471
13.95 -0.110456 1.15618
13.96 -0.0988947 1.1575
13.97 -0.0873197 1.15868
13.98 -0.0757329 1.15973
13.99 -0.0641356 1.16064
14 -0.0525293 1.1614
14.01 -0.0409152 1.16203
14.02 -0.0292949 1.16252
14.03 -0.0176697 1.16287
14.04 -0.00604093 1.16309
14.05 0.00558993 1.16316
14.06 0.0172215 1.16309
14.07 0.0288524 1.16288
14.08 0.0404813 1.16254
14.09 0.0521066 1.16205
14.1 0.0637272 1.16143
14.11 0.0753415 1.16067
14.12 0.0869482 1.15976
14.13 0.0985458 1.15872
14.14 0.110133 1.15754
14.15 0.121708 1.15622
14.16 0.133271 1.15477
14.17 0.144818 1.15317
14.18 0.15635 1.15143
14.19 0.167864 1.14956
14.2 0.17936 1.14755
14.21 0.190835 1.1454
14.22 0.202289 1.14311
14.23 0.213721 1.14068
14.24 0.225127 1.13812
14.25 0.236509 1.13542
14.26 0.247863 1.13257
14.27 0.259188 1.12959
14.28 0.270484 1.12648
14.29 0.281749 1.12322
14.3 0.292981 1.11982
14.31 0.30418 1.11629
14.32 0.315342 1.11261
14.33 0.326469 1.1088
14.34 0.337557 1.10485
14.35 0.348605 1.10075
14.36 0.359613 1.09651
14.37 0.370578 1.09213
14.38 0.381499 1.08761
14.39 0.392375 1.08294
14.4 0.403205 1.07813
14.41 0.413986 1.07317
14.42 0.424718 1.06807
14.43 0.435398 1.06281
14.44 0.446026 1.0574
14.45 0.456601 1.05185
14.46 0.467119 1.04613
14.47 0.47758 1.04026
14.48 0.487983 1.03424
14.49 0.498325 1.02805
14.5 0.508606 1.0217
14.51 0.518823 1.01518
14.52 0.528975 1.00849
14.53 0.539059 1.00163
14.54 0.549076 0.994601
14.55 0.559022 0.987389
14.56 0.568896 0.979995
14.57 0.578696 0.972416
14.58 0.58842 0.964646
14.59 0.598066 0.956682
14.6 0.607633 0.948519
14.61 0.617118 0.940152
14.62 0.62652 0.931577
14.63 0.635836 0.922787
14.64 0.645063 0.913778
14.65 0.654201 0.904544
14.66 0.663247 0.895079
14.67 0.672197 0.885377
14.68 0.681051 0.87543
14.69 0.689805 0.865233
14.7 0.698458 0.854778
14.71 0.707006 0.844058
14.72 0.715446 0.833066
14.73 0.723777 0.821793
14.74 0.731995 0.810232
14.75 0.740097 0.798375
14.76 0.748081 0.786214
14.77 0.755943 0.773739
14.78 0.76368 0.760943
14.79 0.77129 0.747816
14.8 0.778768 0.734349
14.81 0.786111 0.720535
14.82 0.793317 0.706363
14.83 0.80038 0.691825
14.84 0.807299 0.676913
14.85 0.814068 0.661617
14.86 0.820684 0.645929
14.87 0.827143 0.629842
14.88 0.833442 0.613347
14.89 0.839575 0.596437
14.9 0.84554 0.579106
14.91 0.851331 0.561348
14.92 0.856944 0.543157
14.93 0.862376 0.52453
14.94 0.867621 0.505463
14.95 0.872676 0.485954
14.96 0.877535 0.466002
14.97 0.882195 0.445609
14.98 0.886651 0.424775
14.99 0.890899 0.403506
15 0.894934 0.381807
