0 0 0 0
0.001 0.004 0.004 6.66667e-10
0.002 0.008 0.00799999 5.33333e-09
0.003 0.012 0.012 1.4e-08
0.004 0.016 0.016 2.66666e-08
0.005 0.02 0.0199999 4.33332e-08
0.006 0.0239999 0.0239999 6.39998e-08
0.007 0.0279999 0.0279998 8.86662e-08
0.008 0.0319998 0.0319997 1.17332e-07
0.009 0.0359997 0.0359995 1.49999e-07
0.01 0.0399995 0.0399993 1.86664e-07
0.011 0.0439993 0.0439991 2.2733e-07
0.012 0.0479991 0.0479988 2.71995e-07
0.013 0.0519989 0.0519985 3.20659e-07
0.014 0.0559985 0.0559982 3.73323e-07
0.015 0.0599982 0.0599978 4.29987e-07
0.016 0.0639978 0.0639973 4.90649e-07
0.017 0.0679973 0.0679967 5.55311e-07
0.018 0.0719967 0.0719961 6.23971e-07
0.019 0.0759961 0.0759954 6.96631e-07
0.02 0.0799954 0.0799947 7.73289e-07
0.021 0.0839947 0.0839938 8.53945e-07
0.022 0.0879938 0.0879929 9.386e-07
0.023 0.0919929 0.0919919 1.02725e-06
0.024 0.0959919 0.0959908 1.1199e-06
0.025 0.0999908 0.0999896 1.21655e-06
0.026 0.10399 0.103988 1.3172e-06
0.027 0.107988 0.107987 1.42184e-06
0.028 0.111987 0.111985 1.53049e-06
0.029 0.115985 0.115984 1.64312e-06
0.03 0.119984 0.119982 1.75976e-06
0.031 0.123982 0.12398 1.88039e-06
0.032 0.12798 0.127978 2.00502e-06
0.033 0.131978 0.131976 2.13364e-06
0.034 0.135976 0.135974 2.26627e-06
0.035 0.139974 0.139971 2.40288e-06
0.036 0.143971 0.143969 2.54349e-06
0.037 0.147969 0.147966 2.6881e-06
0.038 0.151966 0.151963 2.8367e-06
0.039 0.155963 0.15596 2.9893e-06
0.04 0.15996 0.159957 3.14589e-06
0.041 0.163957 0.163954 3.30647e-06
0.042 0.167954 0.167951 3.47105e-06
0.043 0.171951 0.171947 3.63962e-06
0.044 0.175947 0.175943 3.81218e-06
0.045 0.179943 0.179939 3.98874e-06
0.046 0.183939 0.183935 4.16928e-06
0.047 0.187935 0.187931 4.35382e-06
0.048 0.191931 0.191926 4.54236e-06
0.049 0.195926 0.195922 4.73488e-06
0.05 0.199922 0.199917 4.93139e-06
0.051 0.203917 0.203912 5.1319e-06
0.052 0.207912 0.207906 5.33639e-06
0.053 0.211906 0.211901 5.54487e-06
0.054 0.215901 0.215895 5.75734e-06
0.055 0.219895 0.219889 5.97381e-06
0.056 0.223889 0.223883 6.19426e-06
0.057 0.227883 0.227877 6.41869e-06
0.058 0.231877 0.23187 6.64712e-06
0.059 0.23587 0.235863 6.87953e-06
0.06 0.239863 0.239856 7.11593e-06
0.061 0.243856 0.243849 7.35631e-06
0.062 0.247849 0.247841 7.60068e-06
0.063 0.251841 0.251833 7.84904e-06
0.064 0.255833 0.255825 8.10137e-06
0.065 0.259825 0.259817 8.3577e-06
0.066 0.263817 0.263808 8.618e-06
0.067 0.267808 0.2678 8.88229e-06
0.068 0.2718 0.27179 9.15057e-06
0.069 0.27579 0.275781 9.42282e-06
0.07 0.279781 0.279771 9.69906e-06
0.071 0.283771 0.283761 9.97927e-06
0.072 0.287761 0.287751 1.02635e-05
0.073 0.291751 0.291741 1.05516e-05
0.074 0.295741 0.29573 1.08438e-05
0.075 0.29973 0.299719 1.11399e-05
0.076 0.303719 0.303707 1.14401e-05
0.077 0.307707 0.307696 1.17441e-05
0.078 0.311696 0.311684 1.20522e-05
0.079 0.315684 0.315671 1.23643e-05
0.08 0.319671 0.319659 1.26803e-05
0.081 0.323659 0.323646 1.30003e-05
0.082 0.327646 0.327633 1.33242e-05
0.083 0.331633 0.331619 1.36522e-05
0.084 0.335619 0.335605 1.39841e-05
0.085 0.339605 0.339591 1.432e-05
0.086 0.343591 0.343576 1.46598e-05
0.087 0.347576 0.347561 1.50037e-05
0.088 0.351561 0.351546 1.53515e-05
0.089 0.355546 0.35553 1.57032e-05
0.09 0.35953 0.359514 1.6059e-05
0.091 0.363514 0.363498 1.64187e-05
0.092 0.367498 0.367481 1.67824e-05
0.093 0.371481 0.371464 1.715e-05
0.094 0.375464 0.375447 1.75216e-05
0.095 0.379447 0.379429 1.78972e-05
0.096 0.383429 0.38341 1.82767e-05
0.097 0.38741 0.387392 1.86602e-05
0.098 0.391392 0.391373 1.90477e-05
0.099 0.395373 0.395353 1.94391e-05
0.1 0.399354 0.399334 1.98345e-05
0.101 0.403334 0.403313 2.02338e-05
0.102 0.407314 0.407293 2.06372e-05
0.103 0.411293 0.411272 2.10444e-05
0.104 0.415272 0.41525 2.14557e-05
0.105 0.419251 0.419229 2.18708e-05
0.106 0.423229 0.423206 2.229e-05
0.107 0.427206 0.427184 2.27131e-05
0.108 0.431184 0.431161 2.31401e-05
0.109 0.435161 0.435137 2.35711e-05
0.11 0.439137 0.439113 2.40061e-05
0.111 0.443113 0.443089 2.4445e-05
0.112 0.447089 0.447064 2.48879e-05
0.113 0.451064 0.451039 2.53347e-05
0.114 0.455039 0.455013 2.57854e-05
0.115 0.459013 0.458987 2.62402e-05
0.116 0.462987 0.46296 2.66988e-05
0.117 0.46696 0.466933 2.71614e-05
0.118 0.470933 0.470905 2.7628e-05
0.119 0.474905 0.474877 2.80985e-05
0.12 0.478877 0.478849 2.85729e-05
0.121 0.482849 0.48282 2.90513e-05
0.122 0.48682 0.48679 2.95336e-05
0.123 0.49079 0.49076 3.00199e-05
0.124 0.49476 0.49473 3.05101e-05
0.125 0.49873 0.498699 3.10043e-05
0.126 0.502699 0.502667 3.15024e-05
0.127 0.506668 0.506636 3.20044e-05
0.128 0.510636 0.510603 3.25103e-05
0.129 0.514603 0.51457 3.30202e-05
0.13 0.51857 0.518537 3.35341e-05
0.131 0.522537 0.522503 3.40518e-05
0.132 0.526503 0.526468 3.45735e-05
0.133 0.530468 0.530433 3.50992e-05
0.134 0.534433 0.534397 3.56287e-05
0.135 0.538397 0.538361 3.61622e-05
0.136 0.542361 0.542325 3.66996e-05
0.137 0.546325 0.546287 3.7241e-05
0.138 0.550287 0.55025 3.77863e-05
0.139 0.55425 0.554211 3.83354e-05
0.14 0.558211 0.558172 3.88886e-05
0.141 0.562172 0.562133 3.94456e-05
0.142 0.566133 0.566093 4.00066e-05
0.143 0.570093 0.570053 4.05715e-05
0.144 0.574053 0.574011 4.11403e-05
0.145 0.578011 0.57797 4.1713e-05
0.146 0.58197 0.581927 4.22896e-05
0.147 0.585927 0.585885 4.28702e-05
0.148 0.589885 0.589841 4.34546e-05
0.149 0.593841 0.593797 4.4043e-05
0.15 0.597797 0.597753 4.46353e-05
0.151 0.601753 0.601707 4.52315e-05
0.152 0.605707 0.605661 4.58317e-05
0.153 0.609662 0.609615 4.64357e-05
0.154 0.613615 0.613568 4.70436e-05
0.155 0.617568 0.61752 4.76555e-05
0.156 0.62152 0.621472 4.82712e-05
0.157 0.625472 0.625423 4.88909e-05
0.158 0.629423 0.629374 4.95144e-05
0.159 0.633374 0.633324 5.01419e-05
0.16 0.637324 0.637273 5.07732e-05
0.161 0.641273 0.641221 5.14085e-05
0.162 0.645221 0.645169 5.20476e-05
0.163 0.649169 0.649117 5.26907e-05
0.164 0.653117 0.653063 5.33376e-05
0.165 0.657063 0.657009 5.39884e-05
0.166 0.661009 0.660955 5.46432e-05
0.167 0.664955 0.664899 5.53018e-05
0.168 0.668899 0.668843 5.59643e-05
0.169 0.672843 0.672787 5.66307e-05
0.17 0.676787 0.676729 5.7301e-05
0.171 0.680729 0.680671 5.79752e-05
0.172 0.684671 0.684613 5.86532e-05
0.173 0.688613 0.688553 5.93352e-05
0.174 0.692553 0.692493 6.0021e-05
0.175 0.696493 0.696433 6.07107e-05
0.176 0.700433 0.700371 6.14043e-05
0.177 0.704371 0.704309 6.21017e-05
0.178 0.708309 0.708246 6.28031e-05
0.179 0.712246 0.712183 6.35083e-05
0.18 0.716183 0.716118 6.42174e-05
0.181 0.720118 0.720053 6.49303e-05
0.182 0.724053 0.723988 6.56472e-05
0.183 0.727988 0.727921 6.63679e-05
0.184 0.731921 0.731854 6.70924e-05
0.185 0.735854 0.735786 6.78209e-05
0.186 0.739786 0.739718 6.85531e-05
0.187 0.743717 0.743648 6.92893e-05
0.188 0.747648 0.747578 7.00293e-05
0.189 0.751578 0.751507 7.07732e-05
0.19 0.755507 0.755436 7.1521e-05
0.191 0.759435 0.759363 7.22726e-05
0.192 0.763363 0.76329 7.3028e-05
0.193 0.76729 0.767216 7.37873e-05
0.194 0.771216 0.771142 7.45505e-05
0.195 0.775141 0.775066 7.53175e-05
0.196 0.779066 0.77899 7.60884e-05
0.197 0.78299 0.782913 7.68631e-05
0.198 0.786913 0.786835 7.76416e-05
0.199 0.790835 0.790757 7.8424e-05
0.2 0.794757 0.794677 7.92103e-05
0.201 0.798677 0.798597 8.00004e-05
0.202 0.802597 0.802516 8.07943e-05
0.203 0.806516 0.806435 8.15921e-05
0.204 0.810434 0.810352 8.23937e-05
0.205 0.814352 0.814269 8.31991e-05
0.206 0.818268 0.818184 8.40084e-05
0.207 0.822184 0.822099 8.48215e-05
0.208 0.826099 0.826014 8.56385e-05
0.209 0.830014 0.829927 8.64592e-05
0.21 0.833927 0.83384 8.72838e-05
0.211 0.837839 0.837751 8.81123e-05
0.212 0.841751 0.841662 8.89445e-05
0.213 0.845662 0.845572 8.97806e-05
0.214 0.849572 0.849481 9.06205e-05
0.215 0.853481 0.85339 9.14642e-05
0.216 0.85739 0.857297 9.23117e-05
0.217 0.861297 0.861204 9.31631e-05
0.218 0.865204 0.86511 9.40182e-05
0.219 0.869109 0.869014 9.48772e-05
0.22 0.873014 0.872918 9.574e-05
0.221 0.876918 0.876822 9.66066e-05
0.222 0.880821 0.880724 9.7477e-05
0.223 0.884724 0.884625 9.83512e-05
0.224 0.888625 0.888526 9.92292e-05
0.225 0.892526 0.892425 0.000100111
0.226 0.896425 0.896324 0.000100997
0.227 0.900324 0.900222 0.000101886
0.228 0.904222 0.904119 0.000102779
0.229 0.908119 0.908015 0.000103676
0.23 0.912015 0.91191 0.000104577
0.231 0.91591 0.915804 0.000105482
0.232 0.919804 0.919698 0.00010639
0.233 0.923697 0.92359 0.000107302
0.234 0.92759 0.927481 0.000108218
0.235 0.931481 0.931372 0.000109138
0.236 0.935372 0.935262 0.000110061
0.237 0.939261 0.93915 0.000110989
0.238 0.94315 0.943038 0.00011192
0.239 0.947038 0.946925 0.000112855
0.24 0.950924 0.950811 0.000113793
0.241 0.95481 0.954695 0.000114736
0.242 0.958695 0.958579 0.000115682
0.243 0.962579 0.962462 0.000116632
0.244 0.966462 0.966344 0.000117585
0.245 0.970344 0.970225 0.000118543
0.246 0.974225 0.974105 0.000119504
0.247 0.978105 0.977984 0.000120469
0.248 0.981984 0.981863 0.000121438
0.249 0.985862 0.98574 0.00012241
0.25 0.989739 0.989616 0.000123387
0.251 0.993615 0.993491 0.000124367
0.252 0.997491 0.997365 0.00012535
0.253 1.00136 1.00124 0.000126338
0.254 1.00524 1.00511 0.000127329
0.255 1.00911 1.00898 0.000128324
0.256 1.01298 1.01285 0.000129323
0.257 1.01685 1.01672 0.000130326
0.258 1.02072 1.02059 0.000131332
0.259 1.02459 1.02446 0.000132342
0.26 1.02846 1.02832 0.000133355
0.261 1.03232 1.03219 0.000134373
0.262 1.03619 1.03605 0.000135394
0.263 1.04005 1.03991 0.000136419
0.264 1.04391 1.04378 0.000137448
0.265 1.04778 1.04764 0.00013848
0.266 1.05164 1.0515 0.000139516
0.267 1.0555 1.05536 0.000140556
0.268 1.05936 1.05921 0.000141599
0.269 1.06321 1.06307 0.000142647
0.27 1.06707 1.06693 0.000143698
0.271 1.07093 1.07078 0.000144752
0.272 1.07478 1.07463 0.000145811
0.273 1.07863 1.07849 0.000146873
0.274 1.08249 1.08234 0.000147939
0.275 1.08634 1.08619 0.000149008
0.276 1.09019 1.09004 0.000150081
0.277 1.09404 1.09388 0.000151158
0.278 1.09788 1.09773 0.000152239
0.279 1.10173 1.10158 0.000153323
0.28 1.10558 1.10542 0.000154411
0.281 1.10942 1.10927 0.000155503
0.282 1.11327 1.11311 0.000156598
0.283 1.11711 1.11695 0.000157697
0.284 1.12095 1.12079 0.0001588
0.285 1.12479 1.12463 0.000159906
0.286 1.12863 1.12847 0.000161016
0.287 1.13247 1.1323 0.00016213
0.288 1.1363 1.13614 0.000163248
0.289 1.14014 1.13998 0.000164369
0.29 1.14397 1.14381 0.000165494
0.291 1.14781 1.14764 0.000166622
0.292 1.15164 1.15147 0.000167754
0.293 1.15547 1.1553 0.00016889
0.294 1.1593 1.15913 0.00017003
0.295 1.16313 1.16296 0.000171173
0.296 1.16696 1.16679 0.000172319
0.297 1.17078 1.17061 0.00017347
0.298 1.17461 1.17444 0.000174624
0.299 1.17843 1.17826 0.000175782
0.3 1.18226 1.18208 0.000176943
0.301 1.18608 1.1859 0.000178108
0.302 1.1899 1.18972 0.000179277
0.303 1.19372 1.19354 0.000180449
0.304 1.19754 1.19736 0.000181625
0.305 1.20136 1.20117 0.000182805
0.306 1.20517 1.20499 0.000183988
0.307 1.20899 1.2088 0.000185175
0.308 1.2128 1.21261 0.000186365
0.309 1.21661 1.21642 0.000187559
0.31 1.22042 1.22023 0.000188757
0.311 1.22423 1.22404 0.000189959
0.312 1.22804 1.22785 0.000191164
0.313 1.23185 1.23166 0.000192372
0.314 1.23566 1.23546 0.000193584
0.315 1.23946 1.23927 0.0001948
0.316 1.24326 1.24307 0.00019602
0.317 1.24707 1.24687 0.000197243
0.318 1.25087 1.25067 0.000198469
0.319 1.25467 1.25447 0.0001997
0.32 1.25847 1.25827 0.000200934
0.321 1.26226 1.26206 0.000202171
0.322 1.26606 1.26586 0.000203412
0.323 1.26986 1.26965 0.000204657
0.324 1.27365 1.27344 0.000205905
0.325 1.27744 1.27724 0.000207157
0.326 1.28123 1.28103 0.000208412
0.327 1.28502 1.28481 0.000209671
0.328 1.28881 1.2886 0.000210934
0.329 1.2926 1.29239 0.0002122
0.33 1.29639 1.29617 0.00021347
0.331 1.30017 1.29996 0.000214743
0.332 1.30395 1.30374 0.00021602
0.333 1.30774 1.30752 0.0002173
0.334 1.31152 1.3113 0.000218584
0.335 1.3153 1.31508 0.000219872
0.336 1.31907 1.31885 0.000221163
0.337 1.32285 1.32263 0.000222458
0.338 1.32663 1.3264 0.000223756
0.339 1.3304 1.33018 0.000225058
0.34 1.33417 1.33395 0.000226363
0.341 1.33795 1.33772 0.000227672
0.342 1.34172 1.34149 0.000228984
0.343 1.34549 1.34526 0.0002303
0.344 1.34925 1.34902 0.00023162
0.345 1.35302 1.35279 0.000232943
0.346 1.35678 1.35655 0.000234269
0.347 1.36055 1.36031 0.000235599
0.348 1.36431 1.36407 0.000236933
0.349 1.36807 1.36783 0.00023827
0.35 1.37183 1.37159 0.000239611
0.351 1.37559 1.37535 0.000240955
0.352 1.37935 1.3791 0.000242303
0.353 1.3831 1.38286 0.000243654
0.354 1.38686 1.38661 0.000245009
0.355 1.39061 1.39036 0.000246367
0.356 1.39436 1.39411 0.000247729
0.357 1.39811 1.39786 0.000249094
0.358 1.40186 1.40161 0.000250463
0.359 1.4056 1.40535 0.000251835
0.36 1.40935 1.4091 0.000253211
0.361 1.41309 1.41284 0.00025459
0.362 1.41684 1.41658 0.000255973
0.363 1.42058 1.42032 0.000257359
0.364 1.42432 1.42406 0.000258749
0.365 1.42806 1.4278 0.000260142
0.366 1.43179 1.43153 0.000261539
0.367 1.43553 1.43527 0.000262939
0.368 1.43926 1.439 0.000264342
0.369 1.443 1.44273 0.000265749
0.37 1.44673 1.44646 0.00026716
0.371 1.45046 1.45019 0.000268574
0.372 1.45419 1.45392 0.000269992
0.373 1.45791 1.45764 0.000271412
0.374 1.46164 1.46137 0.000272837
0.375 1.46536 1.46509 0.000274265
0.376 1.46909 1.46881 0.000275696
0.377 1.47281 1.47253 0.000277131
0.378 1.47653 1.47625 0.000278569
0.379 1.48025 1.47997 0.000280011
0.38 1.48396 1.48368 0.000281456
0.381 1.48768 1.4874 0.000282904
0.382 1.49139 1.49111 0.000284356
0.383 1.4951 1.49482 0.000285811
0.384 1.49882 1.49853 0.00028727
0.385 1.50253 1.50224 0.000288732
0.386 1.50623 1.50594 0.000290198
0.387 1.50994 1.50965 0.000291667
0.388 1.51364 1.51335 0.00029314
0.389 1.51735 1.51705 0.000294615
0.39 1.52105 1.52075 0.000296095
0.391 1.52475 1.52445 0.000297577
0.392 1.52845 1.52815 0.000299063
0.393 1.53215 1.53185 0.000300553
0.394 1.53584 1.53554 0.000302046
0.395 1.53954 1.53923 0.000303542
0.396 1.54323 1.54292 0.000305042
0.397 1.54692 1.54661 0.000306545
0.398 1.55061 1.5503 0.000308051
0.399 1.5543 1.55399 0.000309561
0.4 1.55798 1.55767 0.000311074
0.401 1.56167 1.56136 0.000312591
0.402 1.56535 1.56504 0.000314111
0.403 1.56903 1.56872 0.000315634
0.404 1.57272 1.5724 0.000317161
0.405 1.57639 1.57608 0.000318691
0.406 1.58007 1.57975 0.000320224
0.407 1.58375 1.58342 0.000321761
0.408 1.58742 1.5871 0.000323301
0.409 1.59109 1.59077 0.000324845
0.41 1.59476 1.59444 0.000326392
0.411 1.59843 1.5981 0.000327942
0.412 1.6021 1.60177 0.000329495
0.413 1.60577 1.60544 0.000331052
0.414 1.60943 1.6091 0.000332612
0.415 1.61309 1.61276 0.000334176
0.416 1.61676 1.61642 0.000335743
0.417 1.62041 1.62008 0.000337313
0.418 1.62407 1.62373 0.000338886
0.419 1.62773 1.62739 0.000340463
0.42 1.63138 1.63104 0.000342043
0.421 1.63504 1.63469 0.000343627
0.422 1.63869 1.63834 0.000345213
0.423 1.64234 1.64199 0.000346803
0.424 1.64599 1.64564 0.000348397
0.425 1.64963 1.64928 0.000349993
0.426 1.65328 1.65293 0.000351593
0.427 1.65692 1.65657 0.000353197
0.428 1.66056 1.66021 0.000354803
0.429 1.6642 1.66385 0.000356413
0.43 1.66784 1.66748 0.000358026
0.431 1.67148 1.67112 0.000359642
0.432 1.67511 1.67475 0.000361262
0.433 1.67875 1.67838 0.000362885
0.434 1.68238 1.68201 0.000364511
0.435 1.68601 1.68564 0.000366141
0.436 1.68964 1.68927 0.000367773
0.437 1.69326 1.69289 0.000369409
0.438 1.69689 1.69652 0.000371049
0.439 1.70051 1.70014 0.000372691
0.44 1.70413 1.70376 0.000374337
0.441 1.70775 1.70738 0.000375986
0.442 1.71137 1.71099 0.000377638
0.443 1.71499 1.71461 0.000379294
0.444 1.7186 1.71822 0.000380952
0.445 1.72221 1.72183 0.000382614
0.446 1.72583 1.72544 0.000384279
0.447 1.72943 1.72905 0.000385948
0.448 1.73304 1.73266 0.00038762
0.449 1.73665 1.73626 0.000389294
0.45 1.74025 1.73986 0.000390972
0.451 1.74386 1.74346 0.000392654
0.452 1.74746 1.74706 0.000394338
0.453 1.75106 1.75066 0.000396026
0.454 1.75465 1.75426 0.000397717
0.455 1.75825 1.75785 0.000399411
0.456 1.76184 1.76144 0.000401108
0.457 1.76543 1.76503 0.000402809
0.458 1.76902 1.76862 0.000404512
0.459 1.77261 1.77221 0.000406219
0.46 1.7762 1.77579 0.000407929
0.461 1.77979 1.77938 0.000409643
0.462 1.78337 1.78296 0.000411359
0.463 1.78695 1.78654 0.000413079
0.464 1.79053 1.79012 0.000414801
0.465 1.79411 1.79369 0.000416527
0.466 1.79768 1.79727 0.000418256
0.467 1.80126 1.80084 0.000419988
0.468 1.80483 1.80441 0.000421724
0.469 1.8084 1.80798 0.000423462
0.47 1.81197 1.81155 0.000425204
0.471 1.81554 1.81511 0.000426949
0.472 1.8191 1.81867 0.000428697
0.473 1.82267 1.82224 0.000430448
0.474 1.82623 1.8258 0.000432202
0.475 1.82979 1.82935 0.00043396
0.476 1.83335 1.83291 0.00043572
0.477 1.8369 1.83646 0.000437484
0.478 1.84046 1.84002 0.00043925
0.479 1.84401 1.84357 0.00044102
0.48 1.84756 1.84712 0.000442793
0.481 1.85111 1.85066 0.000444569
0.482 1.85466 1.85421 0.000446348
0.483 1.8582 1.85775 0.000448131
0.484 1.86174 1.86129 0.000449916
0.485 1.86529 1.86483 0.000451704
0.486 1.86882 1.86837 0.000453496
0.487 1.87236 1.87191 0.000455291
0.488 1.8759 1.87544 0.000457088
0.489 1.87943 1.87897 0.000458889
0.49 1.88296 1.8825 0.000460693
0.491 1.88649 1.88603 0.0004625
0.492 1.89002 1.88956 0.00046431
0.493 1.89355 1.89308 0.000466123
0.494 1.89707 1.89661 0.000467939
0.495 1.9006 1.90013 0.000469758
0.496 1.90412 1.90365 0.000471581
0.497 1.90764 1.90716 0.000473406
0.498 1.91115 1.91068 0.000475234
0.499 1.91467 1.91419 0.000477066
0.5 1.91818 1.9177 0.0004789
0.501 1.92169 1.92121 0.000480737
0.502 1.9252 1.92472 0.000482578
0.503 1.92871 1.92822 0.000484421
0.504 1.93221 1.93173 0.000486268
0.505 1.93572 1.93523 0.000488118
0.506 1.93922 1.93873 0.00048997
0.507 1.94272 1.94223 0.000491826
0.508 1.94622 1.94572 0.000493684
0.509 1.94971 1.94922 0.000495546
0.51 1.95321 1.95271 0.00049741
0.511 1.9567 1.9562 0.000499278
0.512 1.96019 1.95969 0.000501149
0.513 1.96368 1.96317 0.000503022
0.514 1.96716 1.96666 0.000504899
0.515 1.97065 1.97014 0.000506778
0.516 1.97413 1.97362 0.000508661
0.517 1.97761 1.9771 0.000510546
0.518 1.98109 1.98057 0.000512435
0.519 1.98456 1.98405 0.000514326
0.52 1.98804 1.98752 0.00051622
0.521 1.99151 1.99099 0.000518118
0.522 1.99498 1.99446 0.000520018
0.523 1.99845 1.99793 0.000521921
0.524 2.00191 2.00139 0.000523827
0.525 2.00538 2.00485 0.000525737
0.526 2.00884 2.00831 0.000527649
0.527 2.0123 2.01177 0.000529564
0.528 2.01576 2.01523 0.000531482
0.529 2.01921 2.01868 0.000533402
0.53 2.02267 2.02213 0.000535326
0.531 2.02612 2.02558 0.000537253
0.532 2.02957 2.02903 0.000539183
0.533 2.03302 2.03248 0.000541115
0.534 2.03647 2.03592 0.00054305
0.535 2.03991 2.03936 0.000544989
0.536 2.04335 2.0428 0.00054693
0.537 2.04679 2.04624 0.000548874
0.538 2.05023 2.04968 0.000550821
0.539 2.05366 2.05311 0.000552771
0.54 2.0571 2.05654 0.000554724
0.541 2.06053 2.05997 0.00055668
0.542 2.06396 2.0634 0.000558638
0.543 2.06739 2.06683 0.000560599
0.544 2.07081 2.07025 0.000562564
0.545 2.07424 2.07367 0.000564531
0.546 2.07766 2.07709 0.000566501
0.547 2.08108 2.08051 0.000568474
0.548 2.08449 2.08392 0.000570449
0.549 2.08791 2.08734 0.000572428
0.55 2.09132 2.09075 0.000574409
0.551 2.09473 2.09416 0.000576394
0.552 2.09814 2.09756 0.000578381
0.553 2.10155 2.10097 0.000580371
0.554 2.10495 2.10437 0.000582363
0.555 2.10836 2.10777 0.000584359
0.556 2.11176 2.11117 0.000586357
0.557 2.11516 2.11457 0.000588358
0.558 2.11855 2.11796 0.000590362
0.559 2.12195 2.12135 0.000592369
0.56 2.12534 2.12474 0.000594379
0.561 2.12873 2.12813 0.000596391
0.562 2.13212 2.13152 0.000598406
0.563 2.1355 2.1349 0.000600424
0.564 2.13889 2.13828 0.000602445
0.565 2.14227 2.14166 0.000604469
0.566 2.14565 2.14504 0.000606495
0.567 2.14902 2.14842 0.000608524
0.568 2.1524 2.15179 0.000610556
0.569 2.15577 2.15516 0.00061259
0.57 2.15914 2.15853 0.000614628
0.571 2.16251 2.16189 0.000616668
0.572 2.16588 2.16526 0.000618711
0.573 2.16924 2.16862 0.000620757
0.574 2.1726 2.17198 0.000622805
0.575 2.17596 2.17534 0.000624856
0.576 2.17932 2.17869 0.00062691
0.577 2.18268 2.18205 0.000628966
0.578 2.18603 2.1854 0.000631026
0.579 2.18938 2.18875 0.000633088
0.58 2.19273 2.1921 0.000635153
0.581 2.19608 2.19544 0.00063722
0.582 2.19942 2.19878 0.00063929
0.583 2.20276 2.20212 0.000641363
0.584 2.20611 2.20546 0.000643439
0.585 2.20944 2.2088 0.000645517
0.586 2.21278 2.21213 0.000647598
0.587 2.21611 2.21546 0.000649682
0.588 2.21944 2.21879 0.000651768
0.589 2.22277 2.22212 0.000653857
0.59 2.2261 2.22544 0.000655949
0.591 2.22942 2.22877 0.000658043
0.592 2.23275 2.23209 0.00066014
0.593 2.23607 2.23541 0.00066224
0.594 2.23939 2.23872 0.000664342
0.595 2.2427 2.24204 0.000666447
0.596 2.24602 2.24535 0.000668555
0.597 2.24933 2.24866 0.000670665
0.598 2.25264 2.25196 0.000672778
0.599 2.25594 2.25527 0.000674894
0.6 2.25925 2.25857 0.000677012
0.601 2.26255 2.26187 0.000679133
0.602 2.26585 2.26517 0.000681256
0.603 2.26915 2.26846 0.000683382
0.604 2.27244 2.27176 0.000685511
0.605 2.27574 2.27505 0.000687642
0.606 2.27903 2.27834 0.000689776
0.607 2.28232 2.28162 0.000691913
0.608 2.2856 2.28491 0.000694052
0.609 2.28889 2.28819 0.000696193
0.61 2.29217 2.29147 0.000698338
0.611 2.29545 2.29475 0.000700485
0.612 2.29873 2.29802 0.000702634
0.613 2.302 2.3013 0.000704786
0.614 2.30527 2.30457 0.000706941
0.615 2.30854 2.30783 0.000709098
0.616 2.31181 2.3111 0.000711258
0.617 2.31508 2.31436 0.00071342
0.618 2.31834 2.31762 0.000715585
0.619 2.3216 2.32088 0.000717752
0.62 2.32486 2.32414 0.000719922
0.621 2.32812 2.32739 0.000722094
0.622 2.33137 2.33065 0.000724269
0.623 2.33462 2.3339 0.000726447
0.624 2.33787 2.33714 0.000728627
0.625 2.34112 2.34039 0.00073081
0.626 2.34436 2.34363 0.000732995
0.627 2.34761 2.34687 0.000735182
0.628 2.35085 2.35011 0.000737372
0.629 2.35409 2.35335 0.000739565
0.63 2.35732 2.35658 0.00074176
0.631 2.36055 2.35981 0.000743958
0.632 2.36378 2.36304 0.000746158
0.633 2.36701 2.36626 0.00074836
0.634 2.37024 2.36949 0.000750565
0.635 2.37346 2.37271 0.000752773
0.636 2.37668 2.37593 0.000754983
0.637 2.3799 2.37915 0.000757195
0.638 2.38312 2.38236 0.00075941
0.639 2.38633 2.38557 0.000761628
0.64 2.38955 2.38878 0.000763847
0.641 2.39276 2.39199 0.00076607
0.642 2.39596 2.39519 0.000768294
0.643 2.39917 2.3984 0.000770522
0.644 2.40237 2.4016 0.000772751
0.645 2.40557 2.40479 0.000774983
0.646 2.40877 2.40799 0.000777218
0.647 2.41196 2.41118 0.000779455
0.648 2.41515 2.41437 0.000781694
0.649 2.41834 2.41756 0.000783936
0.65 2.42153 2.42075 0.00078618
0.651 2.42472 2.42393 0.000788426
0.652 2.4279 2.42711 0.000790675
0.653 2.43108 2.43029 0.000792926
0.654 2.43426 2.43346 0.00079518
0.655 2.43743 2.43664 0.000797436
0.656 2.44061 2.43981 0.000799695
0.657 2.44378 2.44298 0.000801955
0.658 2.44695 2.44614 0.000804219
0.659 2.45011 2.44931 0.000806484
0.66 2.45328 2.45247 0.000808752
0.661 2.45644 2.45563 0.000811022
0.662 2.4596 2.45878 0.000813295
0.663 2.46275 2.46194 0.00081557
0.664 2.46591 2.46509 0.000817847
0.665 2.46906 2.46824 0.000820127
0.666 2.47221 2.47138 0.000822409
0.667 2.47535 2.47453 0.000824693
0.668 2.4785 2.47767 0.00082698
0.669 2.48164 2.48081 0.000829269
0.67 2.48478 2.48394 0.00083156
0.671 2.48791 2.48708 0.000833853
0.672 2.49105 2.49021 0.000836149
0.673 2.49418 2.49334 0.000838447
0.674 2.49731 2.49647 0.000840748
0.675 2.50043 2.49959 0.00084305
0.676 2.50356 2.50271 0.000845355
0.677 2.50668 2.50583 0.000847663
0.678 2.5098 2.50895 0.000849972
0.679 2.51291 2.51206 0.000852284
0.68 2.51603 2.51517 0.000854598
0.681 2.51914 2.51828 0.000856915
0.682 2.52225 2.52139 0.000859233
0.683 2.52535 2.52449 0.000861554
0.684 2.52846 2.52759 0.000863877
0.685 2.53156 2.53069 0.000866202
0.686 2.53466 2.53379 0.00086853
0.687 2.53775 2.53688 0.00087086
0.688 2.54085 2.53997 0.000873192
0.689 2.54394 2.54306 0.000875526
0.69 2.54703 2.54615 0.000877863
0.691 2.55011 2.54923 0.000880201
0.692 2.5532 2.55231 0.000882542
0.693 2.55628 2.55539 0.000884885
0.694 2.55936 2.55847 0.000887231
0.695 2.56243 2.56154 0.000889578
0.696 2.5655 2.56461 0.000891928
0.697 2.56858 2.56768 0.00089428
0.698 2.57164 2.57075 0.000896634
0.699 2.57471 2.57381 0.00089899
0.7 2.57777 2.57687 0.000901348
0.701 2.58083 2.57993 0.000903709
0.702 2.58389 2.58298 0.000906071
0.703 2.58695 2.58604 0.000908436
0.704 2.59 2.58909 0.000910803
0.705 2.59305 2.59214 0.000913172
0.706 2.5961 2.59518 0.000915543
0.707 2.59914 2.59822 0.000917917
0.708 2.60218 2.60126 0.000920292
0.709 2.60522 2.6043 0.00092267
0.71 2.60826 2.60734 0.00092505
0.711 2.61129 2.61037 0.000927431
0.712 2.61433 2.6134 0.000929815
0.713 2.61736 2.61642 0.000932202
0.714 2.62038 2.61945 0.00093459
0.715 2.62341 2.62247 0.00093698
0.716 2.62643 2.62549 0.000939372
0.717 2.62945 2.62851 0.000941767
0.718 2.63246 2.63152 0.000944163
0.719 2.63548 2.63453 0.000946562
0.72 2.63849 2.63754 0.000948962
0.721 2.6415 2.64054 0.000951365
0.722 2.6445 2.64355 0.00095377
0.723 2.6475 2.64655 0.000956177
0.724 2.65051 2.64955 0.000958586
0.725 2.6535 2.65254 0.000960996
0.726 2.6565 2.65553 0.000963409
0.727 2.65949 2.65852 0.000965824
0.728 2.66248 2.66151 0.000968241
0.729 2.66547 2.6645 0.00097066
0.73 2.66845 2.66748 0.000973081
0.731 2.67143 2.67046 0.000975504
0.732 2.67441 2.67343 0.000977929
0.733 2.67739 2.67641 0.000980356
0.734 2.68036 2.67938 0.000982785
0.735 2.68333 2.68235 0.000985217
0.736 2.6863 2.68531 0.00098765
0.737 2.68927 2.68828 0.000990085
0.738 2.69223 2.69124 0.000992522
0.739 2.69519 2.6942 0.00099496
0.74 2.69815 2.69715 0.000997401
0.741 2.7011 2.7001 0.000999844
0.742 2.70406 2.70305 0.00100229
0.743 2.70701 2.706 0.00100474
0.744 2.70995 2.70895 0.00100718
0.745 2.7129 2.71189 0.00100964
0.746 2.71584 2.71483 0.00101209
0.747 2.71878 2.71776 0.00101454
0.748 2.72171 2.7207 0.001017
0.749 2.72465 2.72363 0.00101946
0.75 2.72758 2.72656 0.00102192
0.751 2.7305 2.72948 0.00102438
0.752 2.73343 2.7324 0.00102684
0.753 2.73635 2.73532 0.00102931
0.754 2.73927 2.73824 0.00103178
0.755 2.74219 2.74115 0.00103425
0.756 2.7451 2.74407 0.00103672
0.757 2.74801 2.74698 0.00103919
0.758 2.75092 2.74988 0.00104167
0.759 2.75383 2.75279 0.00104415
0.76 2.75673 2.75569 0.00104662
0.761 2.75963 2.75858 0.00104911
0.762 2.76253 2.76148 0.00105159
0.763 2.76543 2.76437 0.00105407
0.764 2.76832 2.76726 0.00105656
0.765 2.77121 2.77015 0.00105905
0.766 2.77409 2.77303 0.00106154
0.767 2.77698 2.77591 0.00106403
0.768 2.77986 2.77879 0.00106652
0.769 2.78274 2.78167 0.00106902
0.77 2.78561 2.78454 0.00107152
0.771 2.78849 2.78741 0.00107402
0.772 2.79136 2.79028 0.00107652
0.773 2.79422 2.79314 0.00107902
0.774 2.79709 2.79601 0.00108152
0.775 2.79995 2.79886 0.00108403
0.776 2.80281 2.80172 0.00108654
0.777 2.80566 2.80457 0.00108905
0.778 2.80852 2.80742 0.00109156
0.779 2.81137 2.81027 0.00109407
0.78 2.81421 2.81312 0.00109659
0.781 2.81706 2.81596 0.00109911
0.782 2.8199 2.8188 0.00110163
0.783 2.82274 2.82164 0.00110415
0.784 2.82558 2.82447 0.00110667
0.785 2.82841 2.8273 0.00110919
0.786 2.83124 2.83013 0.00111172
0.787 2.83407 2.83295 0.00111425
0.788 2.83689 2.83578 0.00111677
0.789 2.83972 2.8386 0.00111931
0.79 2.84253 2.84141 0.00112184
0.791 2.84535 2.84423 0.00112437
0.792 2.84817 2.84704 0.00112691
0.793 2.85098 2.84985 0.00112945
0.794 2.85378 2.85265 0.00113198
0.795 2.85659 2.85545 0.00113453
0.796 2.85939 2.85825 0.00113707
0.797 2.86219 2.86105 0.00113961
0.798 2.86499 2.86384 0.00114216
0.799 2.86778 2.86664 0.00114471
0.8 2.87057 2.86942 0.00114726
0.801 2.87336 2.87221 0.00114981
0.802 2.87614 2.87499 0.00115236
0.803 2.87893 2.87777 0.00115491
0.804 2.88171 2.88055 0.00115747
0.805 2.88448 2.88332 0.00116003
0.806 2.88726 2.88609 0.00116259
0.807 2.89003 2.88886 0.00116515
0.808 2.89279 2.89163 0.00116771
0.809 2.89556 2.89439 0.00117027
0.81 2.89832 2.89715 0.00117284
0.811 2.90108 2.89991 0.0011754
0.812 2.90384 2.90266 0.00117797
0.813 2.90659 2.90541 0.00118054
0.814 2.90934 2.90816 0.00118311
0.815 2.91209 2.9109 0.00118569
0.816 2.91483 2.91364 0.00118826
0.817 2.91757 2.91638 0.00119084
0.818 2.92031 2.91912 0.00119342
0.819 2.92305 2.92185 0.001196
0.82 2.92578 2.92458 0.00119858
0.821 2.92851 2.92731 0.00120116
0.822 2.93124 2.93004 0.00120374
0.823 2.93396 2.93276 0.00120633
0.824 2.93668 2.93548 0.00120892
0.825 2.9394 2.93819 0.00121151
0.826 2.94212 2.9409 0.0012141
0.827 2.94483 2.94361 0.00121669
0.828 2.94754 2.94632 0.00121928
0.829 2.95025 2.94902 0.00122188
0.83 2.95295 2.95173 0.00122447
0.831 2.95565 2.95442 0.00122707
0.832 2.95835 2.95712 0.00122967
0.833 2.96104 2.95981 0.00123227
0.834 2.96373 2.9625 0.00123487
0.835 2.96642 2.96519 0.00123748
0.836 2.96911 2.96787 0.00124008
0.837 2.97179 2.97055 0.00124269
0.838 2.97447 2.97323 0.00124529
0.839 2.97715 2.9759 0.0012479
0.84 2.97982 2.97857 0.00125051
0.841 2.98249 2.98124 0.00125313
0.842 2.98516 2.98391 0.00125574
0.843 2.98783 2.98657 0.00125836
0.844 2.99049 2.98923 0.00126097
0.845 2.99315 2.99188 0.00126359
0.846 2.9958 2.99454 0.00126621
0.847 2.99846 2.99719 0.00126883
0.848 3.00111 2.99984 0.00127145
0.849 3.00375 3.00248 0.00127407
0.85 3.0064 3.00512 0.0012767
0.851 3.00904 3.00776 0.00127933
0.852 3.01168 3.0104 0.00128195
0.853 3.01431 3.01303 0.00128458
0.854 3.01694 3.01566 0.00128721
0.855 3.01957 3.01828 0.00128984
0.856 3.0222 3.02091 0.00129248
0.857 3.02482 3.02353 0.00129511
0.858 3.02744 3.02614 0.00129775
0.859 3.03006 3.02876 0.00130038
0.86 3.03267 3.03137 0.00130302
0.861 3.03528 3.03398 0.00130566
0.862 3.03789 3.03658 0.0013083
0.863 3.0405 3.03919 0.00131094
0.864 3.0431 3.04178 0.00131359
0.865 3.0457 3.04438 0.00131623
0.866 3.04829 3.04697 0.00131888
0.867 3.05089 3.04956 0.00132152
0.868 3.05348 3.05215 0.00132417
0.869 3.05606 3.05473 0.00132682
0.87 3.05865 3.05732 0.00132947
0.871 3.06123 3.05989 0.00133212
0.872 3.0638 3.06247 0.00133478
0.873 3.06638 3.06504 0.00133743
0.874 3.06895 3.06761 0.00134009
0.875 3.07152 3.07017 0.00134275
0.876 3.07408 3.07274 0.0013454
0.877 3.07664 3.0753 0.00134806
0.878 3.0792 3.07785 0.00135073
0.879 3.08176 3.08041 0.00135339
0.88 3.08431 3.08296 0.00135605
0.881 3.08686 3.0855 0.00135871
0.882 3.08941 3.08805 0.00136138
0.883 3.09195 3.09059 0.00136405
0.884 3.09449 3.09313 0.00136672
0.885 3.09703 3.09566 0.00136938
0.886 3.09956 3.09819 0.00137205
0.887 3.10209 3.10072 0.00137473
0.888 3.10462 3.10325 0.0013774
0.889 3.10715 3.10577 0.00138007
0.89 3.10967 3.10829 0.00138275
0.891 3.11219 3.1108 0.00138542
0.892 3.1147 3.11332 0.0013881
0.893 3.11722 3.11583 0.00139078
0.894 3.11973 3.11833 0.00139346
0.895 3.12223 3.12084 0.00139614
0.896 3.12474 3.12334 0.00139882
0.897 3.12724 3.12583 0.0014015
0.898 3.12973 3.12833 0.00140419
0.899 3.13223 3.13082 0.00140687
0.9 3.13472 3.13331 0.00140956
0.901 3.1372 3.13579 0.00141225
0.902 3.13969 3.13827 0.00141493
0.903 3.14217 3.14075 0.00141762
0.904 3.14465 3.14323 0.00142031
0.905 3.14712 3.1457 0.00142301
0.906 3.1496 3.14817 0.0014257
0.907 3.15206 3.15064 0.00142839
0.908 3.15453 3.1531 0.00143109
0.909 3.15699 3.15556 0.00143378
0.91 3.15945 3.15801 0.00143648
0.911 3.16191 3.16047 0.00143918
0.912 3.16436 3.16292 0.00144187
0.913 3.16681 3.16537 0.00144457
0.914 3.16926 3.16781 0.00144727
0.915 3.1717 3.17025 0.00144998
0.916 3.17414 3.17269 0.00145268
0.917 3.17658 3.17512 0.00145538
0.918 3.17901 3.17755 0.00145809
0.919 3.18144 3.17998 0.00146079
0.92 3.18387 3.18241 0.0014635
0.921 3.18629 3.18483 0.00146621
0.922 3.18872 3.18725 0.00146892
0.923 3.19113 3.18966 0.00147163
0.924 3.19355 3.19207 0.00147434
0.925 3.19596 3.19448 0.00147705
0.926 3.19837 3.19689 0.00147976
0.927 3.20077 3.19929 0.00148247
0.928 3.20318 3.20169 0.00148519
0.929 3.20557 3.20409 0.0014879
0.93 3.20797 3.20648 0.00149062
0.931 3.21036 3.20887 0.00149333
0.932 3.21275 3.21126 0.00149605
0.933 3.21514 3.21364 0.00149877
0.934 3.21752 3.21602 0.00150149
0.935 3.2199 3.2184 0.00150421
0.936 3.22228 3.22077 0.00150693
0.937 3.22465 3.22314 0.00150965
0.938 3.22702 3.22551 0.00151238
0.939 3.22939 3.22787 0.0015151
0.94 3.23175 3.23023 0.00151783
0.941 3.23411 3.23259 0.00152055
0.942 3.23647 3.23494 0.00152328
0.943 3.23882 3.2373 0.00152601
0.944 3.24117 3.23964 0.00152873
0.945 3.24352 3.24199 0.00153146
0.946 3.24586 3.24433 0.00153419
0.947 3.2482 3.24667 0.00153692
0.948 3.25054 3.249 0.00153965
0.949 3.25288 3.25133 0.00154239
0.95 3.25521 3.25366 0.00154512
0.951 3.25753 3.25599 0.00154785
0.952 3.25986 3.25831 0.00155059
0.953 3.26218 3.26063 0.00155332
0.954 3.2645 3.26294 0.00155606
0.955 3.26681 3.26525 0.00155879
0.956 3.26913 3.26756 0.00156153
0.957 3.27143 3.26987 0.00156427
0.958 3.27374 3.27217 0.00156701
0.959 3.27604 3.27447 0.00156975
0.96 3.27834 3.27677 0.00157249
0.961 3.28063 3.27906 0.00157523
0.962 3.28293 3.28135 0.00157797
0.963 3.28521 3.28363 0.00158072
0.964 3.2875 3.28592 0.00158346
0.965 3.28978 3.2882 0.0015862
0.966 3.29206 3.29047 0.00158895
0.967 3.29434 3.29274 0.00159169
0.968 3.29661 3.29501 0.00159444
0.969 3.29888 3.29728 0.00159719
0.97 3.30114 3.29954 0.00159993
0.971 3.30341 3.3018 0.00160268
0.972 3.30566 3.30406 0.00160543
0.973 3.30792 3.30631 0.00160818
0.974 3.31017 3.30856 0.00161093
0.975 3.31242 3.31081 0.00161368
0.976 3.31467 3.31305 0.00161643
0.977 3.31691 3.31529 0.00161918
0.978 3.31915 3.31753 0.00162194
0.979 3.32138 3.31976 0.00162469
0.98 3.32362 3.32199 0.00162744
0.981 3.32585 3.32422 0.0016302
0.982 3.32807 3.32644 0.00163295
0.983 3.33029 3.32866 0.00163571
0.984 3.33251 3.33088 0.00163847
0.985 3.33473 3.33309 0.00164122
0.986 3.33694 3.3353 0.00164398
0.987 3.33915 3.3375 0.00164674
0.988 3.34136 3.33971 0.0016495
0.989 3.34356 3.34191 0.00165226
0.99 3.34576 3.3441 0.00165502
0.991 3.34795 3.3463 0.00165778
0.992 3.35015 3.34849 0.00166054
0.993 3.35234 3.35067 0.0016633
0.994 3.35452 3.35286 0.00166606
0.995 3.3567 3.35504 0.00166882
0.996 3.35888 3.35721 0.00167158
0.997 3.36106 3.35939 0.00167435
0.998 3.36323 3.36155 0.00167711
0.999 3.3654 3.36372 0.00167988
