0 0 1
0.01 0.00999985 0.999956
0.02 0.0199988 0.999824
0.03 0.029996 0.999604
0.04 0.0399906 0.999296
0.05 0.0499817 0.9989
0.06 0.0599683 0.998415
0.07 0.0699497 0.997842
0.08 0.0799249 0.997179
0.09 0.089893 0.996427
0.1 0.0998531 0.995586
0.11 0.109804 0.994654
0.12 0.119746 0.993631
0.13 0.129677 0.992518
0.14 0.139596 0.991313
0.15 0.149503 0.990015
0.16 0.159396 0.988624
0.17 0.169275 0.98714
0.18 0.179138 0.985561
0.19 0.188986 0.983887
0.2 0.198816 0.982117
0.21 0.208628 0.98025
0.22 0.218421 0.978286
0.23 0.228193 0.976222
0.24 0.237945 0.974059
0.25 0.247674 0.971794
0.26 0.25738 0.969428
0.27 0.267062 0.966959
0.28 0.276719 0.964385
0.29 0.28635 0.961706
0.3 0.295953 0.95892
0.31 0.305528 0.956025
0.32 0.315073 0.953022
0.33 0.324588 0.949907
0.34 0.334071 0.94668
0.35 0.343521 0.943339
0.36 0.352937 0.939883
0.37 0.362318 0.93631
0.38 0.371663 0.932618
0.39 0.38097 0.928807
0.4 0.390239 0.924873
0.41 0.399467 0.920816
0.42 0.408654 0.916634
0.43 0.417799 0.912324
0.44 0.426901 0.907886
0.45 0.435957 0.903317
0.46 0.444966 0.898616
0.47 0.453929 0.89378
0.48 0.462842 0.888808
0.49 0.471704 0.883698
0.5 0.480515 0.878447
0.51 0.489273 0.873054
0.52 0.497976 0.867517
0.53 0.506623 0.861834
0.54 0.515212 0.856002
0.55 0.523742 0.85002
0.56 0.532212 0.843886
0.57 0.540619 0.837598
0.58 0.548963 0.831153
0.59 0.557242 0.824551
0.6 0.565454 0.817788
0.61 0.573597 0.810862
0.62 0.58167 0.803772
0.63 0.589672 0.796517
0.64 0.5976 0.789093
0.65 0.605453 0.781499
0.66 0.61323 0.773733
0.67 0.620927 0.765794
0.68 0.628545 0.757679
0.69 0.63608 0.749388
0.7 0.643532 0.740918
0.71 0.650898 0.732267
0.72 0.658177 0.723435
0.73 0.665366 0.71442
0.74 0.672465 0.705221
0.75 0.67947 0.695836
0.76 0.686381 0.686264
0.77 0.693195 0.676505
0.78 0.69991 0.666557
0.79 0.706525 0.65642
0.8 0.713038 0.646092
0.81 0.719446 0.635575
0.82 0.725749 0.624866
0.83 0.731943 0.613967
0.84 0.738027 0.602876
0.85 0.744 0.591595
0.86 0.749859 0.580123
0.87 0.755602 0.568461
0.88 0.761227 0.556609
0.89 0.766733 0.544569
0.9 0.772118 0.532342
0.91 0.77738 0.519928
0.92 0.782516 0.507329
0.93 0.787526 0.494548
0.94 0.792406 0.481585
0.95 0.797157 0.468443
0.96 0.801775 0.455125
0.97 0.806259 0.441633
0.98 0.810607 0.42797
0.99 0.814817 0.414139
1 0.818889 0.400144
1.01 0.82282 0.385987
1.02 0.826608 0.371673
1.03 0.830253 0.357206
1.04 0.833752 0.34259
1.05 0.837104 0.32783
1.06 0.840308 0.312931
1.07 0.843362 0.297897
1.08 0.846265 0.282734
1.09 0.849016 0.267447
1.1 0.851614 0.252042
1.11 0.854057 0.236525
1.12 0.856344 0.220903
1.13 0.858475 0.20518
1.14 0.860447 0.189364
1.15 0.862262 0.173462
1.16 0.863916 0.157479
1.17 0.865411 0.141424
1.18 0.866745 0.125304
1.19 0.867917 0.109125
1.2 0.868927 0.0928944
1.21 0.869775 0.0766207
1.22 0.870459 0.0603108
1.23 0.870981 0.0439726
1.24 0.871339 0.0276135
1.25 0.871533 0.0112414
1.26 0.871563 -0.005136
1.27 0.87143 -0.021511
1.28 0.871133 -0.0378758
1.29 0.870673 -0.0542227
1.3 0.870049 -0.070544
1.31 0.869262 -0.0868321
1.32 0.868312 -0.103079
1.33 0.867201 -0.119278
1.34 0.865927 -0.135422
1.35 0.864492 -0.151502
1.36 0.862897 -0.167512
1.37 0.861142 -0.183445
1.38 0.859229 -0.199294
1.39 0.857157 -0.215052
1.4 0.854928 -0.230713
1.41 0.852543 -0.24627
1.42 0.850003 -0.261718
1.43 0.847309 -0.277049
1.44 0.844462 -0.292259
1.45 0.841464 -0.307342
1.46 0.838316 -0.322292
1.47 0.835019 -0.337104
1.48 0.831574 -0.351774
1.49 0.827984 -0.366297
1.5 0.824249 -0.380669
1.51 0.820371 -0.394884
1.52 0.816352 -0.408941
1.53 0.812193 -0.422833
1.54 0.807896 -0.436559
1.55 0.803462 -0.450116
1.56 0.798894 -0.463499
1.57 0.794193 -0.476706
1.58 0.78936 -0.489736
1.59 0.784399 -0.502585
1.6 0.779309 -0.515252
1.61 0.774094 -0.527735
1.62 0.768755 -0.540032
1.63 0.763294 -0.552143
1.64 0.757713 -0.564065
1.65 0.752013 -0.575797
1.66 0.746198 -0.58734
1.67 0.740267 -0.598693
1.68 0.734224 -0.609855
1.69 0.728071 -0.620825
1.7 0.721808 -0.631605
1.71 0.715439 -0.642194
1.72 0.708965 -0.652592
1.73 0.702388 -0.6628
1.74 0.69571 -0.672818
1.75 0.688932 -0.682648
1.76 0.682058 -0.692289
1.77 0.675087 -0.701744
1.78 0.668023 -0.711012
1.79 0.660868 -0.720096
1.8 0.653622 -0.728996
1.81 0.646288 -0.737714
1.82 0.638868 -0.746251
1.83 0.631364 -0.754609
1.84 0.623777 -0.762789
1.85 0.616109 -0.770794
1.86 0.608361 -0.778624
1.87 0.600537 -0.786282
1.88 0.592636 -0.793769
1.89 0.584662 -0.801087
1.9 0.576615 -0.808238
1.91 0.568498 -0.815225
1.92 0.560311 -0.822048
1.93 0.552057 -0.828711
1.94 0.543738 -0.835214
1.95 0.535354 -0.84156
1.96 0.526907 -0.847751
1.97 0.518399 -0.85379
1.98 0.509832 -0.859677
1.99 0.501206 -0.865415
2 0.492524 -0.871007
2.01 0.483786 -0.876453
2.02 0.474995 -0.881757
2.03 0.466152 -0.886919
2.04 0.457257 -0.891943
2.05 0.448313 -0.896829
2.06 0.439321 -0.90158
2.07 0.430282 -0.906198
2.08 0.421198 -0.910685
2.09 0.412069 -0.915042
2.1 0.402897 -0.919272
2.11 0.393684 -0.923375
2.12 0.38443 -0.927355
2.13 0.375137 -0.931212
2.14 0.365806 -0.934948
2.15 0.356439 -0.938565
2.16 0.347035 -0.942064
2.17 0.337598 -0.945448
2.18 0.328127 -0.948717
2.19 0.318624 -0.951873
2.2 0.30909 -0.954918
2.21 0.299526 -0.957853
2.22 0.289933 -0.96068
2.23 0.280312 -0.963398
2.24 0.270665 -0.966011
2.25 0.260993 -0.96852
2.26 0.251295 -0.970924
2.27 0.241574 -0.973226
2.28 0.231831 -0.975427
2.29 0.222066 -0.977528
2.3 0.212281 -0.979529
2.31 0.202476 -0.981433
2.32 0.192653 -0.983239
2.33 0.182812 -0.984948
2.34 0.172954 -0.986562
2.35 0.163081 -0.988082
2.36 0.153193 -0.989507
2.37 0.143291 -0.99084
2.38 0.133376 -0.992079
2.39 0.123449 -0.993227
2.4 0.113512 -0.994283
2.41 0.103564 -0.995249
2.42 0.0936072 -0.996124
2.43 0.0836419 -0.996909
2.44 0.0736693 -0.997605
2.45 0.0636901 -0.998212
2.46 0.0537053 -0.99873
2.47 0.0437158 -0.999159
2.48 0.0337225 -0.9995
2.49 0.0237261 -0.999752
2.5 0.0137277 -0.999917
2.51 0.00372807 -0.999994
2.52 -0.00627188 -0.999983
2.53 -0.0162713 -0.999884
2.54 -0.0262693 -0.999697
2.55 -0.0362649 -0.999421
2.56 -0.0462574 -0.999058
2.57 -0.0562458 -0.998606
2.58 -0.0662292 -0.998066
2.59 -0.0762068 -0.997437
2.6 -0.0861777 -0.996718
2.61 -0.0961409 -0.99591
2.62 -0.106096 -0.995012
2.63 -0.116041 -0.994023
2.64 -0.125976 -0.992944
2.65 -0.135899 -0.991773
2.66 -0.145811 -0.99051
2.67 -0.155709 -0.989154
2.68 -0.165594 -0.987704
2.69 -0.175463 -0.986161
2.7 -0.185317 -0.984523
2.71 -0.195153 -0.982788
2.72 -0.204972 -0.980958
2.73 -0.214772 -0.97903
2.74 -0.224552 -0.977003
2.75 -0.234312 -0.974877
2.76 -0.244049 -0.97265
2.77 -0.253764 -0.970322
2.78 -0.263456 -0.967891
2.79 -0.273122 -0.965357
2.8 -0.282762 -0.962717
2.81 -0.292376 -0.959971
2.82 -0.301961 -0.957117
2.83 -0.311518 -0.954154
2.84 -0.321044 -0.951081
2.85 -0.330539 -0.947896
2.86 -0.340002 -0.944598
2.87 -0.349431 -0.941185
2.88 -0.358825 -0.937656
2.89 -0.368183 -0.934009
2.9 -0.377505 -0.930242
2.91 -0.386788 -0.926354
2.92 -0.396031 -0.922343
2.93 -0.405234 -0.918208
2.94 -0.414395 -0.913946
2.95 -0.423513 -0.909556
2.96 -0.432586 -0.905036
2.97 -0.441613 -0.900384
2.98 -0.450593 -0.895599
2.99 -0.459525 -0.890678
3 -0.468406 -0.885619
3.01 -0.477236 -0.880421
3.02 -0.486014 -0.875081
3.03 -0.494738 -0.869598
3.04 -0.503406 -0.86397
3.05 -0.512017 -0.858194
3.06 -0.520569 -0.852268
3.07 -0.529061 -0.846191
3.08 -0.537492 -0.839961
3.09 -0.54586 -0.833574
3.1 -0.554163 -0.827031
3.11 -0.5624 -0.820328
3.12 -0.570569 -0.813463
3.13 -0.578669 -0.806435
3.14 -0.586697 -0.799241
3.15 -0.594653 -0.79188
3.16 -0.602534 -0.78435
3.17 -0.61034 -0.776649
3.18 -0.618067 -0.768774
3.19 -0.625714 -0.760725
3.2 -0.633281 -0.7525
3.21 -0.640764 -0.744096
3.22 -0.648162 -0.735513
3.23 -0.655474 -0.726749
3.24 -0.662696 -0.717803
3.25 -0.669829 -0.708672
3.26 -0.676869 -0.699356
3.27 -0.683815 -0.689855
3.28 -0.690666 -0.680165
3.29 -0.697418 -0.670288
3.3 -0.704071 -0.660221
3.31 -0.710622 -0.649965
3.32 -0.71707 -0.639518
3.33 -0.723412 -0.628881
3.34 -0.729647 -0.618053
3.35 -0.735772 -0.607033
3.36 -0.741787 -0.595823
3.37 -0.747688 -0.584422
3.38 -0.753474 -0.572831
3.39 -0.759144 -0.56105
3.4 -0.764695 -0.54908
3.41 -0.770125 -0.536922
3.42 -0.775433 -0.524577
3.43 -0.780616 -0.512048
3.44 -0.785673 -0.499334
3.45 -0.790602 -0.486439
3.46 -0.795401 -0.473363
3.47 -0.800069 -0.460111
3.48 -0.804603 -0.446683
3.49 -0.809002 -0.433084
3.5 -0.813264 -0.419315
3.51 -0.817387 -0.40538
3.52 -0.821371 -0.391283
3.53 -0.825213 -0.377028
3.54 -0.828911 -0.362617
3.55 -0.832464 -0.348056
3.56 -0.835872 -0.33335
3.57 -0.839131 -0.318502
3.58 -0.842241 -0.303517
3.59 -0.845201 -0.288402
3.6 -0.848009 -0.27316
3.61 -0.850664 -0.257799
3.62 -0.853164 -0.242323
3.63 -0.85551 -0.226739
3.64 -0.857699 -0.211053
3.65 -0.85973 -0.195271
3.66 -0.861604 -0.1794
3.67 -0.863318 -0.163447
3.68 -0.864873 -0.147418
3.69 -0.866266 -0.131321
3.7 -0.867499 -0.115163
3.71 -0.868569 -0.0989507
3.72 -0.869478 -0.0826923
3.73 -0.870223 -0.066395
3.74 -0.870805 -0.0500665
3.75 -0.871224 -0.0337143
3.76 -0.87148 -0.0173461
3.77 -0.871571 -0.000969766
3.78 -0.871499 0.015407
3.79 -0.871263 0.0317766
3.8 -0.870864 0.048131
3.81 -0.870301 0.0644628
3.82 -0.869574 0.0807642
3.83 -0.868685 0.0970275
3.84 -0.867634 0.113245
3.85 -0.866421 0.12941
3.86 -0.865046 0.145515
3.87 -0.863511 0.161552
3.88 -0.861815 0.177515
3.89 -0.859961 0.193396
3.9 -0.857948 0.209189
3.91 -0.855777 0.224886
3.92 -0.85345 0.240483
3.93 -0.850968 0.255972
3.94 -0.848331 0.271347
3.95 -0.845541 0.286603
3.96 -0.842599 0.301734
3.97 -0.839507 0.316734
3.98 -0.836265 0.331599
3.99 -0.832876 0.346322
4 -0.829339 0.360901
4.01 -0.825658 0.375329
4.02 -0.821833 0.389603
4.03 -0.817866 0.403719
4.04 -0.813759 0.417673
4.05 -0.809514 0.431462
4.06 -0.805131 0.445082
4.07 -0.800613 0.45853
4.08 -0.795961 0.471803
4.09 -0.791177 0.4849
4.1 -0.786263 0.497816
4.11 -0.781221 0.510551
4.12 -0.776053 0.523103
4.13 -0.77076 0.53547
4.14 -0.765344 0.54765
4.15 -0.759807 0.559642
4.16 -0.754152 0.571445
4.17 -0.748379 0.583059
4.18 -0.742491 0.594483
4.19 -0.73649 0.605716
4.2 -0.730378 0.616758
4.21 -0.724156 0.627609
4.22 -0.717826 0.638268
4.23 -0.711391 0.648738
4.24 -0.704852 0.659016
4.25 -0.698211 0.669105
4.26 -0.691471 0.679005
4.27 -0.684632 0.688717
4.28 -0.677697 0.698241
4.29 -0.670668 0.707579
4.3 -0.663546 0.716731
4.31 -0.656334 0.725699
4.32 -0.649032 0.734485
4.33 -0.641644 0.743089
4.34 -0.634171 0.751514
4.35 -0.626615 0.75976
4.36 -0.618977 0.76783
4.37 -0.611259 0.775725
4.38 -0.603463 0.783447
4.39 -0.59559 0.790997
4.4 -0.587643 0.798378
4.41 -0.579623 0.805592
4.42 -0.571532 0.812639
4.43 -0.563371 0.819523
4.44 -0.555142 0.826245
4.45 -0.546847 0.832808
4.46 -0.538487 0.839212
4.47 -0.530063 0.845461
4.48 -0.521578 0.851556
4.49 -0.513032 0.8575
4.5 -0.504428 0.863293
4.51 -0.495767 0.868939
4.52 -0.48705 0.874439
4.53 -0.478279 0.879796
4.54 -0.469455 0.885011
4.55 -0.460579 0.890086
4.56 -0.451653 0.895023
4.57 -0.442679 0.899825
4.58 -0.433657 0.904492
4.59 -0.42459 0.909028
4.6 -0.415477 0.913433
4.61 -0.406321 0.91771
4.62 -0.397123 0.92186
4.63 -0.387885 0.925885
4.64 -0.378606 0.929788
4.65 -0.369289 0.933569
4.66 -0.359935 0.93723
4.67 -0.350545 0.940773
4.68 -0.34112 0.9442
4.69 -0.331661 0.947512
4.7 -0.32217 0.95071
4.71 -0.312648 0.953796
4.72 -0.303095 0.956772
4.73 -0.293512 0.959639
4.74 -0.283902 0.962397
4.75 -0.274265 0.96505
4.76 -0.264602 0.967597
4.77 -0.254913 0.97004
4.78 -0.245201 0.97238
4.79 -0.235466 0.974619
4.8 -0.225709 0.976756
4.81 -0.215931 0.978795
4.82 -0.206134 0.980735
4.83 -0.196317 0.982577
4.84 -0.186482 0.984322
4.85 -0.176631 0.985972
4.86 -0.166763 0.987526
4.87 -0.156881 0.988987
4.88 -0.146984 0.990354
4.89 -0.137074 0.991628
4.9 -0.127152 0.99281
4.91 -0.117218 0.9939
4.92 -0.107274 0.994899
4.93 -0.0973202 0.995808
4.94 -0.087358 0.996627
4.95 -0.077388 0.997356
4.96 -0.0674111 0.997996
4.97 -0.0574283 0.998547
4.98 -0.0474405 0.999009
4.99 -0.0374485 0.999383
5 -0.0274531 0.999669
5.01 -0.0174554 0.999866
5.02 -0.0074561 0.999976
5.03 0.00254384 0.999997
5.04 0.0125436 0.999931
5.05 0.0225422 0.999777
5.06 0.0325388 0.999534
5.07 0.0425326 0.999204
5.08 0.0525226 0.998785
5.09 0.062508 0.998278
5.1 0.0724878 0.997682
5.11 0.0824613 0.996996
5.12 0.0924275 0.996222
5.13 0.102385 0.995357
5.14 0.112334 0.994402
5.15 0.122273 0.993357
5.16 0.132201 0.99222
5.17 0.142117 0.990991
5.18 0.152021 0.98967
5.19 0.16191 0.988256
5.2 0.171785 0.986747
5.21 0.181645 0.985144
5.22 0.191488 0.983446
5.23 0.201314 0.981652
5.24 0.211121 0.97976
5.25 0.220908 0.97777
5.26 0.230676 0.975681
5.27 0.240422 0.973492
5.28 0.250145 0.971202
5.29 0.259845 0.96881
5.3 0.269521 0.966314
5.31 0.279171 0.963713
5.32 0.288795 0.961007
5.33 0.298391 0.958194
5.34 0.307959 0.955272
5.35 0.317496 0.95224
5.36 0.327003 0.949097
5.37 0.336478 0.945841
5.38 0.345919 0.942471
5.39 0.355327 0.938985
5.4 0.364699 0.935382
5.41 0.374034 0.93166
5.42 0.383332 0.927818
5.43 0.39259 0.923853
5.44 0.401808 0.919764
5.45 0.410985 0.91555
5.46 0.420119 0.911208
5.47 0.429209 0.906737
5.48 0.438253 0.902134
5.49 0.447251 0.897399
5.5 0.456201 0.892528
5.51 0.465101 0.887521
5.52 0.473951 0.882375
5.53 0.482748 0.877089
5.54 0.491492 0.871659
5.55 0.500181 0.866085
5.56 0.508813 0.860364
5.57 0.517387 0.854495
5.58 0.525902 0.848474
5.59 0.534356 0.842301
5.6 0.542748 0.835974
5.61 0.551075 0.829489
5.62 0.559337 0.822845
5.63 0.567532 0.816041
5.64 0.575657 0.809074
5.65 0.583713 0.801943
5.66 0.591696 0.794644
5.67 0.599605 0.787177
5.68 0.607439 0.77954
5.69 0.615195 0.77173
5.7 0.622873 0.763747
5.71 0.63047 0.755587
5.72 0.637984 0.74725
5.73 0.645414 0.738734
5.74 0.652758 0.730038
5.75 0.660014 0.721159
5.76 0.667181 0.712098
5.77 0.674256 0.702851
5.78 0.681237 0.693419
5.79 0.688123 0.683799
5.8 0.694912 0.673992
5.81 0.701602 0.663996
5.82 0.708192 0.653811
5.83 0.714678 0.643435
5.84 0.72106 0.632869
5.85 0.727335 0.622112
5.86 0.733501 0.611164
5.87 0.739557 0.600025
5.88 0.745501 0.588695
5.89 0.751331 0.577174
5.9 0.757044 0.565464
5.91 0.762639 0.553564
5.92 0.768115 0.541476
5.93 0.773468 0.529201
5.94 0.778698 0.51674
5.95 0.783802 0.504095
5.96 0.788779 0.491267
5.97 0.793627 0.478259
5.98 0.798344 0.465072
5.99 0.802928 0.45171
6 0.807378 0.438174
6.01 0.811691 0.424468
6.02 0.815866 0.410594
6.03 0.819902 0.396557
6.04 0.823797 0.38236
6.05 0.827549 0.368007
6.06 0.831157 0.353502
6.07 0.834619 0.338849
6.08 0.837933 0.324053
6.09 0.841099 0.309119
6.1 0.844115 0.294052
6.11 0.84698 0.278857
6.12 0.849692 0.263539
6.13 0.85225 0.248106
6.14 0.854654 0.232561
6.15 0.856901 0.216912
6.16 0.858991 0.201165
6.17 0.860924 0.185327
6.18 0.862698 0.169403
6.19 0.864312 0.153402
6.2 0.865766 0.137329
6.21 0.867058 0.121193
6.22 0.868189 0.105
6.23 0.869158 0.0887585
6.24 0.869964 0.0724748
6.25 0.870607 0.056157
6.26 0.871087 0.0398128
6.27 0.871404 0.0234497
6.28 0.871556 0.00707547
6.29 0.871545 -0.00930208
6.3 0.87137 -0.0256752
6.31 0.871032 -0.0420362
6.32 0.87053 -0.0583773
6.33 0.869864 -0.0746909
6.34 0.869036 -0.0909694
6.35 0.868045 -0.107205
6.36 0.866892 -0.123391
6.37 0.865577 -0.139519
6.38 0.864102 -0.155582
6.39 0.862466 -0.171573
6.4 0.860671 -0.187485
6.41 0.858717 -0.203312
6.42 0.856605 -0.219046
6.43 0.854336 -0.234681
6.44 0.851911 -0.250211
6.45 0.849332 -0.265629
6.46 0.846599 -0.28093
6.47 0.843714 -0.296108
6.48 0.840677 -0.311158
6.49 0.837491 -0.326073
6.5 0.834156 -0.34085
6.51 0.830675 -0.355483
6.52 0.827047 -0.369968
6.53 0.823276 -0.3843
6.54 0.819362 -0.398475
6.55 0.815307 -0.41249
6.56 0.811113 -0.426341
6.57 0.806781 -0.440024
6.58 0.802313 -0.453537
6.59 0.79771 -0.466875
6.6 0.792976 -0.480038
6.61 0.78811 -0.493022
6.62 0.783116 -0.505825
6.63 0.777994 -0.518445
6.64 0.772748 -0.530881
6.65 0.767377 -0.543131
6.66 0.761886 -0.555193
6.67 0.756274 -0.567067
6.68 0.750545 -0.578752
6.69 0.7447 -0.590246
6.7 0.738741 -0.60155
6.71 0.732669 -0.612663
6.72 0.726488 -0.623586
6.73 0.720198 -0.634317
6.74 0.713802 -0.644857
6.75 0.707302 -0.655207
6.76 0.700699 -0.665366
6.77 0.693995 -0.675337
6.78 0.687193 -0.685118
6.79 0.680293 -0.694712
6.8 0.673299 -0.704119
6.81 0.666212 -0.713341
6.82 0.659033 -0.722377
6.83 0.651765 -0.731231
6.84 0.644409 -0.739903
6.85 0.636967 -0.748394
6.86 0.629442 -0.756707
6.87 0.621834 -0.764842
6.88 0.614145 -0.772802
6.89 0.606378 -0.780588
6.9 0.598534 -0.788202
6.91 0.590615 -0.795646
6.92 0.582622 -0.802922
6.93 0.574557 -0.810031
6.94 0.566422 -0.816976
6.95 0.558218 -0.823758
6.96 0.549947 -0.83038
6.97 0.541611 -0.836843
6.98 0.533211 -0.84315
6.99 0.524748 -0.849302
7 0.516225 -0.855302
7.01 0.507643 -0.861151
7.02 0.499003 -0.866851
7.03 0.490306 -0.872406
7.04 0.481555 -0.877816
7.05 0.47275 -0.883083
7.06 0.463894 -0.88821
7.07 0.454987 -0.893199
7.08 0.44603 -0.89805
7.09 0.437026 -0.902768
7.1 0.427975 -0.907352
7.11 0.418879 -0.911806
7.12 0.40974 -0.91613
7.13 0.400557 -0.920327
7.14 0.391334 -0.924399
7.15 0.38207 -0.928347
7.16 0.372767 -0.932173
7.17 0.363427 -0.935879
7.18 0.35405 -0.939466
7.19 0.344638 -0.942936
7.2 0.335192 -0.94629
7.21 0.325712 -0.949531
7.22 0.316201 -0.952659
7.23 0.30666 -0.955675
7.24 0.297088 -0.958582
7.25 0.287488 -0.961381
7.26 0.277861 -0.964073
7.27 0.268207 -0.966659
7.28 0.258528 -0.969141
7.29 0.248825 -0.971519
7.3 0.239098 -0.973796
7.31 0.229349 -0.975971
7.32 0.219579 -0.978046
7.33 0.209788 -0.980023
7.34 0.199979 -0.981901
7.35 0.190151 -0.983683
7.36 0.180305 -0.985368
7.37 0.170444 -0.986958
7.38 0.160567 -0.988453
7.39 0.150675 -0.989855
7.4 0.14077 -0.991164
7.41 0.130852 -0.99238
7.42 0.120923 -0.993504
7.43 0.110982 -0.994538
7.44 0.101032 -0.99548
7.45 0.0910729 -0.996332
7.46 0.0811057 -0.997095
7.47 0.0711313 -0.997768
7.48 0.0611506 -0.998352
7.49 0.0511646 -0.998847
7.5 0.041174 -0.999254
7.51 0.0311798 -0.999572
7.52 0.0211828 -0.999803
7.53 0.011184 -0.999945
7.54 0.00118424 -0.999999
7.55 -0.00881566 -0.999966
7.56 -0.0188148 -0.999844
7.57 -0.0288123 -0.999635
7.58 -0.0388072 -0.999337
7.59 -0.0487987 -0.998951
7.6 -0.0587859 -0.998477
7.61 -0.068768 -0.997914
7.62 -0.0787439 -0.997262
7.63 -0.0887129 -0.996521
7.64 -0.098674 -0.99569
7.65 -0.108626 -0.994769
7.66 -0.118569 -0.993757
7.67 -0.128501 -0.992654
7.68 -0.138422 -0.99146
7.69 -0.14833 -0.990173
7.7 -0.158225 -0.988794
7.71 -0.168106 -0.987321
7.72 -0.177971 -0.985753
7.73 -0.18782 -0.984091
7.74 -0.197653 -0.982332
7.75 -0.207467 -0.980477
7.76 -0.217262 -0.978523
7.77 -0.227037 -0.976472
7.78 -0.236791 -0.97432
7.79 -0.246523 -0.972068
7.8 -0.256232 -0.969714
7.81 -0.265917 -0.967257
7.82 -0.275577 -0.964695
7.83 -0.28521 -0.962029
7.84 -0.294817 -0.959255
7.85 -0.304395 -0.956374
7.86 -0.313944 -0.953383
7.87 -0.323462 -0.950282
7.88 -0.332949 -0.947068
7.89 -0.342403 -0.943741
7.9 -0.351824 -0.940298
7.91 -0.361209 -0.936739
7.92 -0.370558 -0.933062
7.93 -0.37987 -0.929264
7.94 -0.389143 -0.925345
7.95 -0.398376 -0.921303
7.96 -0.407569 -0.917136
7.97 -0.416719 -0.912842
7.98 -0.425825 -0.908419
7.99 -0.434887 -0.903865
8 -0.443902 -0.89918
8.01 -0.45287 -0.89436
8.02 -0.461789 -0.889404
8.03 -0.470657 -0.88431
8.04 -0.479474 -0.879076
8.05 -0.488238 -0.8737
8.06 -0.496948 -0.86818
8.07 -0.505602 -0.862514
8.08 -0.514198 -0.8567
8.09 -0.522735 -0.850737
8.1 -0.531212 -0.844621
8.11 -0.539627 -0.838351
8.12 -0.547978 -0.831925
8.13 -0.556265 -0.825341
8.14 -0.564485 -0.818597
8.15 -0.572636 -0.811691
8.16 -0.580718 -0.804621
8.17 -0.588728 -0.797385
8.18 -0.596665 -0.789981
8.19 -0.604527 -0.782407
8.2 -0.612313 -0.774662
8.21 -0.62002 -0.766743
8.22 -0.627647 -0.75865
8.23 -0.635192 -0.750379
8.24 -0.642654 -0.74193
8.25 -0.65003 -0.733301
8.26 -0.657319 -0.724491
8.27 -0.66452 -0.715497
8.28 -0.671629 -0.70632
8.29 -0.678645 -0.696957
8.3 -0.685567 -0.687408
8.31 -0.692393 -0.67767
8.32 -0.69912 -0.667745
8.33 -0.705747 -0.65763
8.34 -0.712272 -0.647325
8.35 -0.718693 -0.63683
8.36 -0.725008 -0.626144
8.37 -0.731215 -0.615268
8.38 -0.737313 -0.6042
8.39 -0.743299 -0.592941
8.4 -0.749171 -0.581491
8.41 -0.754928 -0.569852
8.42 -0.760567 -0.558023
8.43 -0.766088 -0.546005
8.44 -0.771487 -0.533799
8.45 -0.776763 -0.521408
8.46 -0.781914 -0.508831
8.47 -0.786939 -0.496071
8.48 -0.791835 -0.483129
8.49 -0.796601 -0.470009
8.5 -0.801235 -0.456712
8.51 -0.805735 -0.44324
8.52 -0.810099 -0.429597
8.53 -0.814326 -0.415786
8.54 -0.818414 -0.401809
8.55 -0.822362 -0.387672
8.56 -0.826167 -0.373376
8.57 -0.829829 -0.358927
8.58 -0.833345 -0.344329
8.59 -0.836715 -0.329586
8.6 -0.839936 -0.314703
8.61 -0.843008 -0.299684
8.62 -0.84593 -0.284536
8.63 -0.848699 -0.269264
8.64 -0.851314 -0.253873
8.65 -0.853776 -0.238369
8.66 -0.856081 -0.222758
8.67 -0.858231 -0.207047
8.68 -0.860222 -0.191242
8.69 -0.862055 -0.175349
8.7 -0.863729 -0.159376
8.71 -0.865242 -0.143329
8.72 -0.866595 -0.127216
8.73 -0.867786 -0.111043
8.74 -0.868816 -0.0948189
8.75 -0.869683 -0.0785499
8.76 -0.870387 -0.0622439
8.77 -0.870927 -0.0459086
8.78 -0.871305 -0.0295517
8.79 -0.871518 -0.0131807
8.8 -0.871568 0.0031965
8.81 -0.871455 0.0195722
8.82 -0.871177 0.0359386
8.83 -0.870736 0.052288
8.84 -0.870131 0.0686128
8.85 -0.869364 0.0849052
8.86 -0.868433 0.101158
8.87 -0.867341 0.117363
8.88 -0.866086 0.133513
8.89 -0.864671 0.149601
8.9 -0.863094 0.16562
8.91 -0.861358 0.181563
8.92 -0.859463 0.197422
8.93 -0.85741 0.213191
8.94 -0.8552 0.228864
8.95 -0.852833 0.244434
8.96 -0.850312 0.259894
8.97 -0.847636 0.27524
8.98 -0.844807 0.290464
8.99 -0.841827 0.305562
9 -0.838696 0.320528
9.01 -0.835417 0.335358
9.02 -0.83199 0.350045
9.03 -0.828417 0.364585
9.04 -0.824699 0.378975
9.05 -0.820838 0.393209
9.06 -0.816835 0.407284
9.07 -0.812692 0.421197
9.08 -0.808412 0.434943
9.09 -0.803994 0.448519
9.1 -0.799442 0.461923
9.11 -0.794756 0.475152
9.12 -0.789939 0.488202
9.13 -0.784993 0.501073
9.14 -0.779918 0.513762
9.15 -0.774718 0.526267
9.16 -0.769394 0.538586
9.17 -0.763947 0.550718
9.18 -0.75838 0.562663
9.19 -0.752694 0.574418
9.2 -0.746892 0.585983
9.21 -0.740975 0.597358
9.22 -0.734946 0.608543
9.23 -0.728805 0.619536
9.24 -0.722556 0.630338
9.25 -0.716199 0.64095
9.26 -0.709737 0.65137
9.27 -0.703172 0.661601
9.28 -0.696506 0.671642
9.29 -0.68974 0.681494
9.3 -0.682877 0.691157
9.31 -0.675918 0.700634
9.32 -0.668865 0.709924
9.33 -0.66172 0.71903
9.34 -0.654485 0.727952
9.35 -0.647161 0.736691
9.36 -0.639751 0.74525
9.37 -0.632257 0.753629
9.38 -0.624679 0.76183
9.39 -0.617021 0.769855
9.4 -0.609283 0.777706
9.41 -0.601467 0.785384
9.42 -0.593576 0.792891
9.43 -0.58561 0.800229
9.44 -0.577572 0.8074
9.45 -0.569463 0.814406
9.46 -0.561284 0.821249
9.47 -0.553038 0.82793
9.48 -0.544726 0.834452
9.49 -0.53635 0.840817
9.5 -0.52791 0.847026
9.51 -0.51941 0.853082
9.52 -0.510849 0.858988
9.53 -0.50223 0.864743
9.54 -0.493555 0.870352
9.55 -0.484824 0.875816
9.56 -0.476039 0.881136
9.57 -0.467202 0.886315
9.58 -0.458313 0.891355
9.59 -0.449375 0.896257
9.6 -0.440388 0.901025
9.61 -0.431355 0.905658
9.62 -0.422276 0.910161
9.63 -0.413152 0.914533
9.64 -0.403985 0.918777
9.65 -0.394777 0.922896
9.66 -0.385528 0.92689
9.67 -0.37624 0.930761
9.68 -0.366913 0.934511
9.69 -0.35755 0.938143
9.7 -0.348151 0.941656
9.71 -0.338717 0.945053
9.72 -0.32925 0.948336
9.73 -0.319751 0.951506
9.74 -0.31022 0.954564
9.75 -0.30066 0.957511
9.76 -0.29107 0.96035
9.77 -0.281453 0.963082
9.78 -0.271809 0.965707
9.79 -0.262139 0.968228
9.8 -0.252445 0.970645
9.81 -0.242727 0.972959
9.82 -0.232986 0.975172
9.83 -0.223224 0.977284
9.84 -0.213441 0.979298
9.85 -0.203638 0.981212
9.86 -0.193817 0.98303
9.87 -0.183978 0.984751
9.88 -0.174122 0.986376
9.89 -0.164251 0.987907
9.9 -0.154364 0.989343
9.91 -0.144464 0.990687
9.92 -0.134551 0.991937
9.93 -0.124626 0.993096
9.94 -0.114689 0.994163
9.95 -0.104743 0.995139
9.96 -0.0947868 0.996025
9.97 -0.0848224 0.996821
9.98 -0.0748506 0.997527
9.99 -0.0648722 0.998145
10 -0.054888 0.998673
10.01 -0.044899 0.999113
10.02 -0.0349061 0.999464
10.03 -0.0249101 0.999727
10.04 -0.0149118 0.999902
10.05 -0.0049123 0.999989
10.06 0.00508766 0.999989
10.07 0.0150872 0.9999
10.08 0.0250854 0.999723
10.09 0.0350814 0.999459
10.1 0.0450742 0.999106
10.11 0.0550632 0.998664
10.12 0.0650472 0.998134
10.13 0.0750256 0.997516
10.14 0.0849973 0.996808
10.15 0.0949614 0.99601
10.16 0.104917 0.995123
10.17 0.114864 0.994145
10.18 0.1248 0.993076
10.19 0.134725 0.991916
10.2 0.144638 0.990664
10.21 0.154538 0.989319
10.22 0.164424 0.987881
10.23 0.174295 0.986349
10.24 0.18415 0.984722
10.25 0.193989 0.982999
10.26 0.20381 0.98118
10.27 0.213612 0.979263
10.28 0.223395 0.977248
10.29 0.233157 0.975134
10.3 0.242897 0.972919
10.31 0.252615 0.970603
10.32 0.262309 0.968185
10.33 0.271978 0.965662
10.34 0.281622 0.963035
10.35 0.291239 0.960302
10.36 0.300828 0.957461
10.37 0.310388 0.954511
10.38 0.319918 0.951451
10.39 0.329416 0.948279
10.4 0.338883 0.944995
10.41 0.348316 0.941595
10.42 0.357714 0.93808
10.43 0.367077 0.934447
10.44 0.376403 0.930694
10.45 0.385691 0.926821
10.46 0.394939 0.922825
10.47 0.404147 0.918704
10.48 0.413313 0.914457
10.49 0.422435 0.910083
10.5 0.431514 0.905578
10.51 0.440546 0.900942
10.52 0.449532 0.896173
10.53 0.458469 0.891268
10.54 0.467357 0.886225
10.55 0.476193 0.881044
10.56 0.484977 0.875721
10.57 0.493707 0.870255
10.58 0.502382 0.864644
10.59 0.511 0.858885
10.6 0.519559 0.852978
10.61 0.528059 0.846919
10.62 0.536497 0.840706
10.63 0.544872 0.834339
10.64 0.553183 0.827814
10.65 0.561428 0.82113
10.66 0.569605 0.814284
10.67 0.577713 0.807276
10.68 0.58575 0.800102
10.69 0.593715 0.792761
10.7 0.601605 0.785251
10.71 0.609419 0.77757
10.72 0.617156 0.769716
10.73 0.624813 0.761688
10.74 0.632389 0.753483
10.75 0.639882 0.745101
10.76 0.64729 0.736539
10.77 0.654612 0.727797
10.78 0.661846 0.718872
10.79 0.668989 0.709763
10.8 0.67604 0.700469
10.81 0.682998 0.69099
10.82 0.68986 0.681322
10.83 0.696624 0.671467
10.84 0.703288 0.661423
10.85 0.709852 0.651189
10.86 0.716311 0.640765
10.87 0.722666 0.630151
10.88 0.728914 0.619345
10.89 0.735052 0.608348
10.9 0.74108 0.597161
10.91 0.746995 0.585782
10.92 0.752795 0.574213
10.93 0.758479 0.562455
10.94 0.764044 0.550507
10.95 0.769488 0.538372
10.96 0.77481 0.526049
10.97 0.780009 0.513541
10.98 0.785081 0.500849
10.99 0.790025 0.487975
11 0.79484 0.474921
11.01 0.799523 0.461689
11.02 0.804073 0.448283
11.03 0.808488 0.434703
11.04 0.812766 0.420954
11.05 0.816906 0.407039
11.06 0.820906 0.392961
11.07 0.824765 0.378724
11.08 0.82848 0.364332
11.09 0.832051 0.349788
11.1 0.835476 0.335099
11.11 0.838753 0.320267
11.12 0.841881 0.305299
11.13 0.844858 0.290198
11.14 0.847684 0.274972
11.15 0.850357 0.259624
11.16 0.852876 0.244162
11.17 0.85524 0.22859
11.18 0.857448 0.212915
11.19 0.859498 0.197145
11.2 0.86139 0.181284
11.21 0.863123 0.16534
11.22 0.864697 0.14932
11.23 0.86611 0.13323
11.24 0.867361 0.117079
11.25 0.868451 0.100873
11.26 0.869379 0.0846198
11.27 0.870143 0.0683268
11.28 0.870745 0.0520015
11.29 0.871183 0.0356517
11.3 0.871458 0.0192851
11.31 0.871569 0.00290929
11.32 0.871516 -0.0134679
11.33 0.8713 -0.0298386
11.34 0.870919 -0.0461953
11.35 0.870376 -0.0625302
11.36 0.869669 -0.0788355
11.37 0.868799 -0.0951038
11.38 0.867767 -0.111327
11.39 0.866573 -0.127499
11.4 0.865217 -0.143611
11.41 0.863701 -0.159657
11.42 0.862024 -0.175628
11.43 0.860189 -0.19152
11.44 0.858194 -0.207323
11.45 0.856042 -0.223033
11.46 0.853734 -0.238642
11.47 0.85127 -0.254144
11.48 0.848651 -0.269533
11.49 0.84588 -0.284803
11.5 0.842956 -0.299949
11.51 0.839881 -0.314965
11.52 0.836657 -0.329845
11.53 0.833285 -0.344586
11.54 0.829766 -0.359182
11.55 0.826101 -0.373628
11.56 0.822294 -0.387921
11.57 0.818344 -0.402056
11.58 0.814253 -0.416029
11.59 0.810024 -0.429838
11.6 0.805657 -0.443478
11.61 0.801155 -0.456946
11.62 0.796519 -0.470241
11.63 0.79175 -0.483358
11.64 0.786852 -0.496296
11.65 0.781825 -0.509053
11.66 0.776671 -0.521626
11.67 0.771393 -0.534015
11.68 0.765992 -0.546217
11.69 0.760469 -0.558232
11.7 0.754828 -0.570058
11.71 0.749069 -0.581694
11.72 0.743195 -0.59314
11.73 0.737207 -0.604395
11.74 0.731107 -0.61546
11.75 0.724898 -0.626333
11.76 0.718581 -0.637016
11.77 0.712158 -0.647508
11.78 0.705632 -0.657809
11.79 0.699003 -0.667921
11.8 0.692274 -0.677843
11.81 0.685447 -0.687577
11.82 0.678523 -0.697123
11.83 0.671505 -0.706483
11.84 0.664394 -0.715657
11.85 0.657192 -0.724647
11.86 0.649902 -0.733454
11.87 0.642524 -0.74208
11.88 0.635061 -0.750526
11.89 0.627514 -0.758793
11.9 0.619885 -0.766884
11.91 0.612177 -0.774799
11.92 0.60439 -0.782541
11.93 0.596527 -0.790112
11.94 0.588588 -0.797513
11.95 0.580577 -0.804746
11.96 0.572494 -0.811813
11.97 0.564341 -0.818717
11.98 0.55612 -0.825458
11.99 0.547833 -0.832039
12 0.53948 -0.838462
12.01 0.531064 -0.844729
12.02 0.522586 -0.850842
12.03 0.514047 -0.856804
12.04 0.50545 -0.862615
12.05 0.496796 -0.868278
12.06 0.488085 -0.873796
12.07 0.47932 -0.879169
12.08 0.470502 -0.884401
12.09 0.461633 -0.889492
12.1 0.452713 -0.894446
12.11 0.443744 -0.899263
12.12 0.434728 -0.903946
12.13 0.425666 -0.908497
12.14 0.416559 -0.912918
12.15 0.407408 -0.91721
12.16 0.398215 -0.921375
12.17 0.388981 -0.925415
12.18 0.379707 -0.929332
12.19 0.370395 -0.933127
12.2 0.361045 -0.936803
12.21 0.351659 -0.94036
12.22 0.342238 -0.9438
12.23 0.332783 -0.947125
12.24 0.323296 -0.950337
12.25 0.313777 -0.953436
12.26 0.304227 -0.956425
12.27 0.294649 -0.959305
12.28 0.285042 -0.962076
12.29 0.275408 -0.964741
12.3 0.265747 -0.967301
12.31 0.256062 -0.969756
12.32 0.246353 -0.972108
12.33 0.23662 -0.974359
12.34 0.226866 -0.976508
12.35 0.21709 -0.978559
12.36 0.207295 -0.98051
12.37 0.19748 -0.982364
12.38 0.187648 -0.984121
12.39 0.177798 -0.985781
12.4 0.167933 -0.987347
12.41 0.158052 -0.988819
12.42 0.148156 -0.990197
12.43 0.138248 -0.991482
12.44 0.128327 -0.992675
12.45 0.118395 -0.993776
12.46 0.108452 -0.994786
12.47 0.0984994 -0.995705
12.48 0.0885381 -0.996535
12.49 0.078569 -0.997274
12.5 0.068593 -0.997925
12.51 0.0586108 -0.998486
12.52 0.0486235 -0.998959
12.53 0.0386319 -0.999343
12.54 0.028637 -0.999639
12.55 0.0186394 -0.999847
12.56 0.0086403 -0.999967
12.57 -0.0013596 -0.999999
12.58 -0.0113594 -0.999943
12.59 -0.0213582 -0.999799
12.6 -0.0313551 -0.999568
12.61 -0.0413492 -0.999248
12.62 -0.0513397 -0.998839
12.63 -0.0613257 -0.998342
12.64 -0.0713063 -0.997757
12.65 -0.0812806 -0.997082
12.66 -0.0912476 -0.996318
12.67 -0.101207 -0.995464
12.68 -0.111157 -0.99452
12.69 -0.121097 -0.993485
12.7 -0.131026 -0.992359
12.71 -0.140944 -0.991142
12.72 -0.150849 -0.989831
12.73 -0.16074 -0.988428
12.74 -0.170617 -0.986931
12.75 -0.180478 -0.985339
12.76 -0.190323 -0.983652
12.77 -0.200151 -0.981869
12.78 -0.20996 -0.979989
12.79 -0.21975 -0.978011
12.8 -0.22952 -0.975934
12.81 -0.239269 -0.973757
12.82 -0.248995 -0.971479
12.83 -0.258698 -0.969098
12.84 -0.268377 -0.966615
12.85 -0.27803 -0.964027
12.86 -0.287657 -0.961333
12.87 -0.297256 -0.958532
12.88 -0.306827 -0.955623
12.89 -0.316368 -0.952605
12.9 -0.325879 -0.949475
12.91 -0.335357 -0.946232
12.92 -0.344803 -0.942876
12.93 -0.354215 -0.939404
12.94 -0.363591 -0.935815
12.95 -0.372931 -0.932107
12.96 -0.382233 -0.928279
12.97 -0.391496 -0.924329
12.98 -0.400719 -0.920255
12.99 -0.4099 -0.916055
13 -0.419039 -0.911729
13.01 -0.428134 -0.907273
13.02 -0.437184 -0.902686
13.03 -0.446188 -0.897966
13.04 -0.455143 -0.893112
13.05 -0.46405 -0.888121
13.06 -0.472905 -0.882992
13.07 -0.481709 -0.877722
13.08 -0.490459 -0.87231
13.09 -0.499155 -0.866753
13.1 -0.507794 -0.861049
13.11 -0.516375 -0.855198
13.12 -0.524897 -0.849195
13.13 -0.533359 -0.84304
13.14 -0.541758 -0.836731
13.15 -0.550093 -0.830265
13.16 -0.558362 -0.823641
13.17 -0.566565 -0.816856
13.18 -0.574699 -0.809908
13.19 -0.582763 -0.802796
13.2 -0.590754 -0.795517
13.21 -0.598672 -0.78807
13.22 -0.606515 -0.780453
13.23 -0.614281 -0.772664
13.24 -0.621968 -0.764701
13.25 -0.629574 -0.756563
13.26 -0.637098 -0.748247
13.27 -0.644539 -0.739752
13.28 -0.651893 -0.731077
13.29 -0.65916 -0.72222
13.3 -0.666337 -0.71318
13.31 -0.673423 -0.703956
13.32 -0.680415 -0.694546
13.33 -0.687313 -0.684948
13.34 -0.694114 -0.675163
13.35 -0.700815 -0.66519
13.36 -0.707417 -0.655027
13.37 -0.713915 -0.644674
13.38 -0.72031 -0.63413
13.39 -0.726597 -0.623396
13.4 -0.732777 -0.61247
13.41 -0.738846 -0.601354
13.42 -0.744803 -0.590046
13.43 -0.750646 -0.578549
13.44 -0.756374 -0.566861
13.45 -0.761983 -0.554983
13.46 -0.767473 -0.542918
13.47 -0.772841 -0.530665
13.48 -0.778085 -0.518226
13.49 -0.783205 -0.505602
13.5 -0.788197 -0.492796
13.51 -0.79306 -0.479809
13.52 -0.797792 -0.466643
13.53 -0.802392 -0.453301
13.54 -0.806858 -0.439786
13.55 -0.811187 -0.4261
13.56 -0.815379 -0.412246
13.57 -0.819432 -0.398228
13.58 -0.823343 -0.38405
13.59 -0.827112 -0.369715
13.6 -0.830737 -0.355228
13.61 -0.834216 -0.340592
13.62 -0.837548 -0.325813
13.63 -0.840732 -0.310895
13.64 -0.843766 -0.295843
13.65 -0.846648 -0.280663
13.66 -0.849379 -0.26536
13.67 -0.851955 -0.249939
13.68 -0.854377 -0.234407
13.69 -0.856643 -0.218771
13.7 -0.858752 -0.203035
13.71 -0.860703 -0.187207
13.72 -0.862496 -0.171293
13.73 -0.864129 -0.155301
13.74 -0.865602 -0.139236
13.75 -0.866914 -0.123107
13.76 -0.868064 -0.106921
13.77 -0.869052 -0.0906842
13.78 -0.869877 -0.0744051
13.79 -0.87054 -0.058091
13.8 -0.871039 -0.0417494
13.81 -0.871375 -0.0253882
13.82 -0.871547 -0.00901489
13.83 -0.871555 0.00736266
13.84 -0.871399 0.0237367
13.85 -0.87108 0.0400996
13.86 -0.870598 0.0564434
13.87 -0.869951 0.0727607
13.88 -0.869142 0.0890437
13.89 -0.868171 0.105285
13.9 -0.867037 0.121477
13.91 -0.865741 0.137612
13.92 -0.864285 0.153683
13.93 -0.862668 0.169683
13.94 -0.860891 0.185605
13.95 -0.858956 0.201442
13.96 -0.856863 0.217187
13.97 -0.854613 0.232835
13.98 -0.852207 0.248377
13.99 -0.849646 0.263809
14 -0.846931 0.279124
14.01 -0.844063 0.294317
14.02 -0.841045 0.309382
14.03 -0.837876 0.324314
14.04 -0.834559 0.339107
14.05 -0.831095 0.353758
14.06 -0.827484 0.36826
14.07 -0.82373 0.382611
14.08 -0.819833 0.396805
14.09 -0.815794 0.410839
14.1 -0.811616 0.424709
14.11 -0.807301 0.438413
14.12 -0.802849 0.451945
14.13 -0.798262 0.465305
14.14 -0.793543 0.478489
14.15 -0.788693 0.491494
14.16 -0.783714 0.504318
14.17 -0.778607 0.51696
14.18 -0.773375 0.529418
14.19 -0.76802 0.54169
14.2 -0.762542 0.553775
14.21 -0.756945 0.565671
14.22 -0.751229 0.577378
14.23 -0.745398 0.588895
14.24 -0.739452 0.600222
14.25 -0.733394 0.611357
14.26 -0.727226 0.622302
14.27 -0.720949 0.633056
14.28 -0.714565 0.643619
14.29 -0.708077 0.653991
14.3 -0.701486 0.664173
14.31 -0.694794 0.674166
14.32 -0.688003 0.68397
14.33 -0.681115 0.693586
14.34 -0.674132 0.703015
14.35 -0.667056 0.712258
14.36 -0.659888 0.721317
14.37 -0.65263 0.730192
14.38 -0.645284 0.738885
14.39 -0.637853 0.747398
14.4 -0.630337 0.755732
14.41 -0.622739 0.763888
14.42 -0.61506 0.771869
14.43 -0.607302 0.779675
14.44 -0.599467 0.78731
14.45 -0.591556 0.794774
14.46 -0.583572 0.802069
14.47 -0.575516 0.809198
14.48 -0.567389 0.816162
14.49 -0.559193 0.822963
14.5 -0.55093 0.829604
14.51 -0.542601 0.836086
14.52 -0.534209 0.842411
14.53 -0.525754 0.848581
14.54 -0.517238 0.854599
14.55 -0.508662 0.860466
14.56 -0.500029 0.866184
14.57 -0.491339 0.871756
14.58 -0.482594 0.877182
14.59 -0.473796 0.882467
14.6 -0.464945 0.88761
14.61 -0.456044 0.892615
14.62 -0.447093 0.897483
14.63 -0.438095 0.902216
14.64 -0.42905 0.906816
14.65 -0.419959 0.911285
14.66 -0.410824 0.915625
14.67 -0.401647 0.919837
14.68 -0.392428 0.923924
14.69 -0.383169 0.927886
14.7 -0.373871 0.931727
14.71 -0.364535 0.935446
14.72 -0.355162 0.939047
14.73 -0.345754 0.942531
14.74 -0.336312 0.945899
14.75 -0.326837 0.949153
14.76 -0.317329 0.952294
14.77 -0.307791 0.955324
14.78 -0.298223 0.958244
14.79 -0.288627 0.961055
14.8 -0.279002 0.96376
14.81 -0.269352 0.966359
14.82 -0.259676 0.968853
14.83 -0.249975 0.971243
14.84 -0.240251 0.973532
14.85 -0.230505 0.975719
14.86 -0.220737 0.977806
14.87 -0.210949 0.979794
14.88 -0.201141 0.981684
14.89 -0.191316 0.983477
14.9 -0.181472 0.985173
14.91 -0.171612 0.986775
14.92 -0.161737 0.988281
14.93 -0.151847 0.989694
14.94 -0.141943 0.991014
14.95 -0.132027 0.992241
14.96 -0.122099 0.993376
14.97 -0.11216 0.99442
14.98 -0.102211 0.995373
14.99 -0.0922528 0.996236
15 -0.0822865 0.997009
