0 0 1
0.1 0.0998531 0.995586
0.2 0.198816 0.982117
0.3 0.295953 0.95892
0.4 0.390239 0.924874
0.5 0.480515 0.878448
0.6 0.565454 0.817789
0.7 0.643532 0.740921
0.8 0.713037 0.646097
0.9 0.772117 0.532348
1 0.818888 0.400152
1.1 0.851613 0.252052
1.2 0.868926 0.0929053
1.3 0.870049 -0.0705325
1.4 0.854929 -0.230701
1.5 0.824252 -0.380657
1.6 0.779314 -0.515241
1.7 0.721815 -0.631594
1.8 0.65363 -0.728986
1.9 0.576625 -0.808229
2 0.492534 -0.870998
2.1 0.402909 -0.919265
2.2 0.309102 -0.954913
2.3 0.212294 -0.979525
2.4 0.113525 -0.99428
2.5 0.013741 -0.999915
2.6 -0.0861642 -0.996717
2.7 -0.185303 -0.984523
2.8 -0.282749 -0.962719
2.9 -0.377492 -0.930245
3 -0.468393 -0.885625
3.1 -0.554151 -0.82704
3.2 -0.633269 -0.752512
3.3 -0.70406 -0.660238
3.4 -0.764685 -0.549101
3.5 -0.813256 -0.419341
3.6 -0.848003 -0.273191
3.7 -0.867495 -0.115196
3.8 -0.870863 0.0480958
3.9 -0.857951 0.209153
4 -0.829346 0.360867
4.1 -0.786274 0.497784
4.2 -0.730392 0.616729
4.3 -0.663564 0.716705
4.4 -0.587664 0.798356
4.5 -0.504451 0.863274
4.6 -0.415502 0.913417
4.7 -0.322196 0.950697
4.8 -0.225736 0.976746
4.9 -0.12718 0.992802
5 -0.0274819 0.999664
5.1 0.0724587 0.997679
5.2 0.171756 0.986748
5.3 0.269492 0.966317
5.4 0.36467 0.935389
5.5 0.456173 0.89254
5.6 0.542721 0.83599
5.7 0.622848 0.763769
5.8 0.69489 0.674022
5.9 0.757024 0.565502
6 0.807361 0.43822
6.1 0.844102 0.294106
6.2 0.865758 0.137389
6.3 0.871368 -0.0256127
6.4 0.860675 -0.187423
6.5 0.834167 -0.34079
6.6 0.792993 -0.479982
6.7 0.738764 -0.6015
6.8 0.673328 -0.704075
6.9 0.598567 -0.788165
7 0.516262 -0.85527
7.1 0.428015 -0.907326
7.2 0.335234 -0.946269
7.3 0.239142 -0.973779
7.4 0.140815 -0.991151
7.5 0.0412204 -0.999246
7.6 -0.058739 -0.998473
7.7 -0.158178 -0.988794
7.8 -0.256185 -0.969719
7.9 -0.351778 -0.940309
8 -0.443857 -0.899197
8.1 -0.531169 -0.844646
8.2 -0.612273 -0.774696
8.3 -0.685531 -0.687453
8.4 -0.749139 -0.581548
8.5 -0.801208 -0.456781
8.6 -0.839916 -0.314783
8.7 -0.863716 -0.159465
8.8 -0.871564 0.00310334
8.9 -0.8631 0.165527
9 -0.838711 0.320439
9.1 -0.799466 0.46184
9.2 -0.746925 0.585909
9.3 -0.682917 0.691092
9.4 -0.60933 0.77765
9.5 -0.527962 0.84698
9.6 -0.440445 0.900986
9.7 -0.34821 0.941625
9.8 -0.252507 0.970621
9.9 -0.154429 0.989326
10 -0.0549541 0.998661
10.1 0.0450073 0.9991
10.2 0.144571 0.990664
10.3 0.242831 0.972926
10.4 0.338817 0.945009
10.5 0.43145 0.905602
10.6 0.519498 0.853012
10.7 0.601547 0.785297
10.8 0.675988 0.700531
10.9 0.741034 0.597238
11 0.794801 0.475015
11.1 0.835446 0.335207
11.2 0.861371 0.181404
11.3 0.871451 0.0194122
11.4 0.865223 -0.143483
11.5 0.842974 -0.299825
11.6 0.805688 -0.443363
11.7 0.75487 -0.569955
11.8 0.692327 -0.677754
11.9 0.619947 -0.766808
12 0.539549 -0.838399
12.1 0.452787 -0.894394
12.2 0.361124 -0.936761
12.3 0.26583 -0.967268
12.4 0.168018 -0.987323
12.5 0.0686808 -0.997909
12.6 -0.031266 -0.999559
12.7 -0.130937 -0.992359
12.8 -0.229431 -0.975942
12.9 -0.325791 -0.949493
13 -0.418954 -0.911759
13.1 -0.507712 -0.861093
13.2 -0.590677 -0.795577
13.3 -0.666266 -0.713258
13.4 -0.732714 -0.612569
13.5 -0.788144 -0.492915
13.6 -0.830697 -0.355367
13.7 -0.858726 -0.20319
13.8 -0.871028 -0.0419139
13.9 -0.867042 0.12131
14 -0.846953 0.278964
14.1 -0.811655 0.42456
14.2 -0.762595 0.553641
14.3 -0.701552 0.664056
14.4 -0.630415 0.755632
14.5 -0.551017 0.829521
14.6 -0.46504 0.887542
14.7 -0.373971 0.931672
14.8 -0.279108 0.963718
14.9 -0.181581 0.985142
15 -0.0823982 0.996988
