 0.00 0.0000 1.0000
 0.10 0.0999 0.9956
 0.20 0.1989 0.9822
 0.30 0.2962 0.9589
 0.40 0.3906 0.9247
 0.50 0.4809 0.8782
 0.60 0.5657 0.8177
 0.70 0.6436 0.7414
 0.80 0.7131 0.6475
 0.90 0.7723 0.5335
 1.00 0.8193 0.4000
 1.10 0.8521 0.2523
 1.20 0.8696 0.0960
 1.30 0.8711 -0.0634
 1.40 0.8566 -0.2209
 1.50 0.8269 -0.3711
 1.60 0.7829 -0.5064
 1.70 0.7264 -0.6241
 1.80 0.6589 -0.7233
 1.90 0.5823 -0.8041
 2.00 0.4984 -0.8680
 2.10 0.4090 -0.9171
 2.20 0.3154 -0.9535
 2.30 0.2186 -0.9787
 2.40 0.1199 -0.9941
 2.50 0.0201 -1.0004
 2.60 -0.0798 -0.9978
 2.70 -0.1791 -0.9862
 2.80 -0.2769 -0.9651
 2.90 -0.3721 -0.9332
 3.00 -0.4635 -0.8892
 3.10 -0.5496 -0.8315
 3.20 -0.6290 -0.7584
 3.30 -0.7003 -0.6681
 3.40 -0.7617 -0.5588
 3.50 -0.8113 -0.4289
 3.60 -0.8472 -0.2827
 3.70 -0.8678 -0.1267
 3.80 -0.8724 0.0331
 3.90 -0.8610 0.1913
 4.00 -0.8341 0.3430
 4.10 -0.7927 0.4818
 4.20 -0.7384 0.6029
 4.30 -0.6729 0.7056
 4.40 -0.5979 0.7900
 4.50 -0.5153 0.8570
 4.60 -0.4268 0.9088
 4.70 -0.3339 0.9475
 4.80 -0.2377 0.9748
 4.90 -0.1392 0.9921
 5.00 -0.0395 1.0000
 5.10 0.0605 0.9992
 5.20 0.1599 0.9894
 5.30 0.2581 0.9702
 5.40 0.3539 0.9406
 5.50 0.4461 0.8991
 5.60 0.5334 0.8440
 5.70 0.6143 0.7739
 5.80 0.6873 0.6871
 5.90 0.7507 0.5817
 6.00 0.8028 0.4560
 6.10 0.8415 0.3122
 6.20 0.8652 0.1571
 6.30 0.8729 -0.0029
 6.40 0.8645 -0.1619
 6.50 0.8404 -0.3149
 6.60 0.8017 -0.4567
 6.70 0.7497 -0.5813
 6.80 0.6862 -0.6875
 6.90 0.6129 -0.7752
 7.00 0.5316 -0.8454
 7.10 0.4441 -0.8999
 7.20 0.3519 -0.9410
 7.30 0.2563 -0.9704
 7.40 0.1582 -0.9895
 7.50 0.0586 -0.9992
 7.60 -0.0414 -1.0000
 7.70 -0.1410 -0.9919
 7.80 -0.2395 -0.9746
 7.90 -0.3358 -0.9471
 8.00 -0.4289 -0.9080
 8.10 -0.5172 -0.8557
 8.20 -0.5995 -0.7885
 8.30 -0.6741 -0.7049
 8.40 -0.7394 -0.6033
 8.50 -0.7938 -0.4818
 8.60 -0.8352 -0.3409
 8.70 -0.8618 -0.1872
 8.80 -0.8727 -0.0275
 8.90 -0.8673 0.1322
 9.00 -0.8461 0.2867
 9.10 -0.8100 0.4310
 9.20 -0.7604 0.5590
 9.30 -0.6989 0.6687
 9.40 -0.6274 0.7599
 9.50 -0.5475 0.8333
 9.60 -0.4611 0.8906
 9.70 -0.3697 0.9340
 9.80 -0.2747 0.9655
 9.90 -0.1769 0.9865
 10.00 -0.0776 0.9979
 10.10 0.0224 1.0004
 10.20 0.1221 0.9940
 10.30 0.2208 0.9785
 10.40 0.3177 0.9531
 10.50 0.4114 0.9164
 10.60 0.5008 0.8667
 10.70 0.5843 0.8024
 10.80 0.6605 0.7221
 10.90 0.7277 0.6240
 11.00 0.7843 0.5065
 11.10 0.8283 0.3690
 11.20 0.8579 0.2171
 11.30 0.8718 0.0579
 11.40 0.8695 -0.1022
 11.50 0.8512 -0.2579
 11.60 0.8179 -0.4044
 11.70 0.7708 -0.5358
 11.80 0.7114 -0.6490
 11.90 0.6417 -0.7436
 12.00 0.5633 -0.8203
 12.10 0.4780 -0.8805
 12.20 0.3875 -0.9264
 12.30 0.2931 -0.9601
 12.40 0.1958 -0.9830
 12.50 0.0968 -0.9961
 12.60 -0.0031 -1.0003
 12.70 -0.1030 -0.9957
 12.80 -0.2019 -0.9820
 12.90 -0.2992 -0.9586
 13.00 -0.3936 -0.9242
 13.10 -0.4839 -0.8771
 13.20 -0.5686 -0.8158
 13.30 -0.6463 -0.7387
 13.40 -0.7154 -0.6441
 13.50 -0.7742 -0.5306
 13.60 -0.8208 -0.3969
 13.70 -0.8532 -0.2471
 13.80 -0.8702 -0.0888
 13.90 -0.8710 0.0716
 14.00 -0.8558 0.2283
 14.10 -0.8253 0.3768
 14.20 -0.7807 0.5115
 14.30 -0.7237 0.6282
 14.40 -0.6558 0.7263
 14.50 -0.5791 0.8064
 14.60 -0.4950 0.8696
 14.70 -0.4054 0.9181
 14.80 -0.3117 0.9541
 14.90 -0.2150 0.9790