 0.00 0.0000 1.0000
 0.01 0.0100 1.0000
 0.02 0.0200 0.9998
 0.03 0.0300 0.9996
 0.04 0.0400 0.9993
 0.05 0.0500 0.9989
 0.06 0.0600 0.9984
 0.07 0.0699 0.9978
 0.08 0.0799 0.9972
 0.09 0.0899 0.9964
 0.10 0.0999 0.9956
 0.11 0.1098 0.9947
 0.12 0.1197 0.9936
 0.13 0.1297 0.9925
 0.14 0.1396 0.9913
 0.15 0.1495 0.9900
 0.16 0.1594 0.9886
 0.17 0.1693 0.9872
 0.18 0.1792 0.9856
 0.19 0.1890 0.9839
 0.20 0.1989 0.9822
 0.21 0.2087 0.9803
 0.22 0.2185 0.9783
 0.23 0.2283 0.9763
 0.24 0.2381 0.9741
 0.25 0.2478 0.9718
 0.26 0.2575 0.9695
 0.27 0.2672 0.9670
 0.28 0.2769 0.9644
 0.29 0.2866 0.9617
 0.30 0.2962 0.9589
 0.31 0.3058 0.9560
 0.32 0.3153 0.9530
 0.33 0.3249 0.9499
 0.34 0.3344 0.9466
 0.35 0.3438 0.9433
 0.36 0.3533 0.9398
 0.37 0.3627 0.9362
 0.38 0.3720 0.9325
 0.39 0.3813 0.9287
 0.40 0.3906 0.9247
 0.41 0.3998 0.9207
 0.42 0.4090 0.9165
 0.43 0.4182 0.9121
 0.44 0.4273 0.9077
 0.45 0.4364 0.9031
 0.46 0.4454 0.8984
 0.47 0.4543 0.8935
 0.48 0.4632 0.8886
 0.49 0.4721 0.8834
 0.50 0.4809 0.8782
 0.51 0.4897 0.8728
 0.52 0.4984 0.8673
 0.53 0.5070 0.8616
 0.54 0.5156 0.8558
 0.55 0.5241 0.8498
 0.56 0.5326 0.8437
 0.57 0.5410 0.8374
 0.58 0.5493 0.8310
 0.59 0.5575 0.8244
 0.60 0.5657 0.8177
 0.61 0.5739 0.8108
 0.62 0.5819 0.8038
 0.63 0.5899 0.7965
 0.64 0.5978 0.7892
 0.65 0.6057 0.7816
 0.66 0.6134 0.7739
 0.67 0.6211 0.7661
 0.68 0.6287 0.7580
 0.69 0.6362 0.7498
 0.70 0.6436 0.7414
 0.71 0.6510 0.7329
 0.72 0.6583 0.7241
 0.73 0.6654 0.7152
 0.74 0.6725 0.7061
 0.75 0.6795 0.6968
 0.76 0.6864 0.6873
 0.77 0.6932 0.6777
 0.78 0.6999 0.6678
 0.79 0.7065 0.6577
 0.80 0.7131 0.6475
 0.81 0.7195 0.6370
 0.82 0.7258 0.6264
 0.83 0.7320 0.6155
 0.84 0.7381 0.6045
 0.85 0.7441 0.5932
 0.86 0.7499 0.5817
 0.87 0.7557 0.5700
 0.88 0.7613 0.5580
 0.89 0.7669 0.5459
 0.90 0.7723 0.5335
 0.91 0.7776 0.5210
 0.92 0.7827 0.5082
 0.93 0.7878 0.4953
 0.94 0.7927 0.4822
 0.95 0.7974 0.4689
 0.96 0.8021 0.4554
 0.97 0.8066 0.4418
 0.98 0.8109 0.4280
 0.99 0.8152 0.4141
 1.00 0.8193 0.4000
 1.01 0.8232 0.3858
 1.02 0.8270 0.3714
 1.03 0.8307 0.3569
 1.04 0.8342 0.3423
 1.05 0.8375 0.3276
 1.06 0.8408 0.3127
 1.07 0.8438 0.2978
 1.08 0.8467 0.2827
 1.09 0.8495 0.2675
 1.10 0.8521 0.2523
 1.11 0.8546 0.2370
 1.12 0.8569 0.2215
 1.13 0.8590 0.2061
 1.14 0.8610 0.1905
 1.15 0.8628 0.1749
 1.16 0.8645 0.1592
 1.17 0.8660 0.1435
 1.18 0.8674 0.1277
 1.19 0.8686 0.1119
 1.20 0.8696 0.0960
 1.21 0.8705 0.0801
 1.22 0.8712 0.0642
 1.23 0.8717 0.0483
 1.24 0.8721 0.0323
 1.25 0.8724 0.0164
 1.26 0.8724 0.0004
 1.27 0.8723 -0.0155
 1.28 0.8721 -0.0315
 1.29 0.8717 -0.0475
 1.30 0.8711 -0.0634
 1.31 0.8704 -0.0793
 1.32 0.8695 -0.0952
 1.33 0.8684 -0.1111
 1.34 0.8672 -0.1269
 1.35 0.8658 -0.1427
 1.36 0.8643 -0.1584
 1.37 0.8626 -0.1741
 1.38 0.8608 -0.1898
 1.39 0.8588 -0.2054
 1.40 0.8566 -0.2209
 1.41 0.8543 -0.2363
 1.42 0.8519 -0.2517
 1.43 0.8493 -0.2670
 1.44 0.8465 -0.2822
 1.45 0.8436 -0.2974
 1.46 0.8406 -0.3124
 1.47 0.8374 -0.3273
 1.48 0.8340 -0.3421
 1.49 0.8305 -0.3567
 1.50 0.8269 -0.3711
 1.51 0.8231 -0.3854
 1.52 0.8192 -0.3995
 1.53 0.8151 -0.4135
 1.54 0.8109 -0.4273
 1.55 0.8066 -0.4409
 1.56 0.8021 -0.4543
 1.57 0.7975 -0.4676
 1.58 0.7928 -0.4807
 1.59 0.7879 -0.4937
 1.60 0.7829 -0.5064
 1.61 0.7778 -0.5190
 1.62 0.7726 -0.5314
 1.63 0.7672 -0.5437
 1.64 0.7617 -0.5557
 1.65 0.7561 -0.5676
 1.66 0.7504 -0.5793
 1.67 0.7445 -0.5908
 1.68 0.7386 -0.6021
 1.69 0.7325 -0.6132
 1.70 0.7264 -0.6241
 1.71 0.7201 -0.6349
 1.72 0.7137 -0.6455
 1.73 0.7072 -0.6558
 1.74 0.7006 -0.6660
 1.75 0.6939 -0.6760
 1.76 0.6871 -0.6859
 1.77 0.6802 -0.6955
 1.78 0.6732 -0.7049
 1.79 0.6661 -0.7142
 1.80 0.6589 -0.7233
 1.81 0.6516 -0.7322
 1.82 0.6442 -0.7409
 1.83 0.6368 -0.7494
 1.84 0.6292 -0.7578
 1.85 0.6216 -0.7659
 1.86 0.6139 -0.7739
 1.87 0.6061 -0.7817
 1.88 0.5982 -0.7894
 1.89 0.5903 -0.7968
 1.90 0.5823 -0.8041
 1.91 0.5742 -0.8112
 1.92 0.5660 -0.8182
 1.93 0.5578 -0.8250
 1.94 0.5495 -0.8316
 1.95 0.5411 -0.8381
 1.96 0.5327 -0.8444
 1.97 0.5242 -0.8505
 1.98 0.5157 -0.8565
 1.99 0.5071 -0.8623
 2.00 0.4984 -0.8680
 2.01 0.4897 -0.8735
 2.02 0.4809 -0.8789
 2.03 0.4721 -0.8842
 2.04 0.4632 -0.8893
 2.05 0.4543 -0.8942
 2.06 0.4453 -0.8991
 2.07 0.4363 -0.9038
 2.08 0.4272 -0.9084
 2.09 0.4181 -0.9128
 2.10 0.4090 -0.9171
 2.11 0.3998 -0.9213
 2.12 0.3906 -0.9253
 2.13 0.3813 -0.9293
 2.14 0.3720 -0.9331
 2.15 0.3626 -0.9368
 2.16 0.3532 -0.9403
 2.17 0.3438 -0.9438
 2.18 0.3344 -0.9471
 2.19 0.3249 -0.9504
 2.20 0.3154 -0.9535
 2.21 0.3058 -0.9565
 2.22 0.2962 -0.9594
 2.23 0.2866 -0.9622
 2.24 0.2770 -0.9648
 2.25 0.2673 -0.9674
 2.26 0.2576 -0.9699
 2.27 0.2479 -0.9722
 2.28 0.2382 -0.9745
 2.29 0.2284 -0.9767
 2.30 0.2186 -0.9787
 2.31 0.2088 -0.9807
 2.32 0.1990 -0.9826
 2.33 0.1892 -0.9843
 2.34 0.1793 -0.9860
 2.35 0.1694 -0.9876
 2.36 0.1596 -0.9891
 2.37 0.1497 -0.9905
 2.38 0.1397 -0.9918
 2.39 0.1298 -0.9930
 2.40 0.1199 -0.9941
 2.41 0.1099 -0.9951
 2.42 0.1000 -0.9961
 2.43 0.0900 -0.9969
 2.44 0.0800 -0.9977
 2.45 0.0701 -0.9983
 2.46 0.0601 -0.9989
 2.47 0.0501 -0.9994
 2.48 0.0401 -0.9998
 2.49 0.0301 -1.0001
 2.50 0.0201 -1.0004
 2.51 0.0101 -1.0005
 2.52 0.0001 -1.0005
 2.53 -0.0099 -1.0005
 2.54 -0.0199 -1.0004
 2.55 -0.0299 -1.0002
 2.56 -0.0399 -0.9999
 2.57 -0.0499 -0.9995
 2.58 -0.0599 -0.9990
 2.59 -0.0699 -0.9984
 2.60 -0.0798 -0.9978
 2.61 -0.0898 -0.9970
 2.62 -0.0998 -0.9962
 2.63 -0.1097 -0.9952
 2.64 -0.1197 -0.9942
 2.65 -0.1296 -0.9931
 2.66 -0.1395 -0.9919
 2.67 -0.1495 -0.9906
 2.68 -0.1594 -0.9892
 2.69 -0.1693 -0.9877
 2.70 -0.1791 -0.9862
 2.71 -0.1890 -0.9845
 2.72 -0.1988 -0.9827
 2.73 -0.2087 -0.9809
 2.74 -0.2185 -0.9789
 2.75 -0.2283 -0.9769
 2.76 -0.2381 -0.9747
 2.77 -0.2478 -0.9725
 2.78 -0.2575 -0.9701
 2.79 -0.2673 -0.9676
 2.80 -0.2769 -0.9651
 2.81 -0.2866 -0.9624
 2.82 -0.2962 -0.9596
 2.83 -0.3058 -0.9567
 2.84 -0.3154 -0.9537
 2.85 -0.3249 -0.9506
 2.86 -0.3344 -0.9473
 2.87 -0.3439 -0.9440
 2.88 -0.3534 -0.9405
 2.89 -0.3628 -0.9369
 2.90 -0.3721 -0.9332
 2.91 -0.3815 -0.9294
 2.92 -0.3907 -0.9254
 2.93 -0.4000 -0.9213
 2.94 -0.4092 -0.9171
 2.95 -0.4184 -0.9128
 2.96 -0.4275 -0.9083
 2.97 -0.4365 -0.9037
 2.98 -0.4456 -0.8990
 2.99 -0.4545 -0.8942
 3.00 -0.4635 -0.8892
 3.01 -0.4723 -0.8840
 3.02 -0.4811 -0.8788
 3.03 -0.4899 -0.8734
 3.04 -0.4986 -0.8678
 3.05 -0.5073 -0.8621
 3.06 -0.5158 -0.8563
 3.07 -0.5244 -0.8503
 3.08 -0.5328 -0.8442
 3.09 -0.5412 -0.8379
 3.10 -0.5496 -0.8315
 3.11 -0.5578 -0.8249
 3.12 -0.5660 -0.8181
 3.13 -0.5742 -0.8112
 3.14 -0.5822 -0.8042
 3.15 -0.5902 -0.7969
 3.16 -0.5981 -0.7896
 3.17 -0.6060 -0.7820
 3.18 -0.6137 -0.7743
 3.19 -0.6214 -0.7664
 3.20 -0.6290 -0.7584
 3.21 -0.6366 -0.7502
 3.22 -0.6440 -0.7418
 3.23 -0.6513 -0.7332
 3.24 -0.6586 -0.7244
 3.25 -0.6658 -0.7155
 3.26 -0.6729 -0.7064
 3.27 -0.6799 -0.6971
 3.28 -0.6868 -0.6877
 3.29 -0.6936 -0.6780
 3.30 -0.7003 -0.6681
 3.31 -0.7069 -0.6581
 3.32 -0.7134 -0.6479
 3.33 -0.7198 -0.6374
 3.34 -0.7261 -0.6268
 3.35 -0.7323 -0.6160
 3.36 -0.7384 -0.6050
 3.37 -0.7444 -0.5938
 3.38 -0.7503 -0.5823
 3.39 -0.7560 -0.5707
 3.40 -0.7617 -0.5588
 3.41 -0.7672 -0.5468
 3.42 -0.7726 -0.5345
 3.43 -0.7779 -0.5220
 3.44 -0.7830 -0.5093
 3.45 -0.7881 -0.4964
 3.46 -0.7930 -0.4832
 3.47 -0.7978 -0.4699
 3.48 -0.8024 -0.4564
 3.49 -0.8069 -0.4428
 3.50 -0.8113 -0.4289
 3.51 -0.8155 -0.4149
 3.52 -0.8196 -0.4008
 3.53 -0.8236 -0.3865
 3.54 -0.8274 -0.3720
 3.55 -0.8311 -0.3575
 3.56 -0.8346 -0.3427
 3.57 -0.8379 -0.3279
 3.58 -0.8412 -0.3130
 3.59 -0.8442 -0.2979
 3.60 -0.8472 -0.2827
 3.61 -0.8499 -0.2675
 3.62 -0.8525 -0.2521
 3.63 -0.8550 -0.2367
 3.64 -0.8573 -0.2212
 3.65 -0.8594 -0.2056
 3.66 -0.8614 -0.1899
 3.67 -0.8633 -0.1742
 3.68 -0.8649 -0.1584
 3.69 -0.8664 -0.1426
 3.70 -0.8678 -0.1267
 3.71 -0.8690 -0.1108
 3.72 -0.8700 -0.0949
 3.73 -0.8709 -0.0789
 3.74 -0.8716 -0.0630
 3.75 -0.8721 -0.0470
 3.76 -0.8725 -0.0310
 3.77 -0.8727 -0.0149
 3.78 -0.8728 0.0011
 3.79 -0.8727 0.0171
 3.80 -0.8724 0.0331
 3.81 -0.8720 0.0491
 3.82 -0.8714 0.0650
 3.83 -0.8707 0.0809
 3.84 -0.8698 0.0968
 3.85 -0.8687 0.1127
 3.86 -0.8675 0.1285
 3.87 -0.8661 0.1443
 3.88 -0.8645 0.1600
 3.89 -0.8628 0.1757
 3.90 -0.8610 0.1913
 3.91 -0.8590 0.2068
 3.92 -0.8568 0.2223
 3.93 -0.8545 0.2377
 3.94 -0.8520 0.2530
 3.95 -0.8494 0.2682
 3.96 -0.8466 0.2834
 3.97 -0.8437 0.2984
 3.98 -0.8406 0.3134
 3.99 -0.8374 0.3282
 4.00 -0.8341 0.3430
 4.01 -0.8306 0.3576
 4.02 -0.8269 0.3721
 4.03 -0.8231 0.3864
 4.04 -0.8192 0.4005
 4.05 -0.8151 0.4145
 4.06 -0.8109 0.4283
 4.07 -0.8065 0.4419
 4.08 -0.8021 0.4554
 4.09 -0.7974 0.4686
 4.10 -0.7927 0.4818
 4.11 -0.7878 0.4947
 4.12 -0.7828 0.5074
 4.13 -0.7777 0.5200
 4.14 -0.7724 0.5324
 4.15 -0.7671 0.5446
 4.16 -0.7616 0.5566
 4.17 -0.7559 0.5685
 4.18 -0.7502 0.5802
 4.19 -0.7444 0.5916
 4.20 -0.7384 0.6029
 4.21 -0.7323 0.6140
 4.22 -0.7261 0.6250
 4.23 -0.7198 0.6357
 4.24 -0.7134 0.6462
 4.25 -0.7069 0.6566
 4.26 -0.7003 0.6668
 4.27 -0.6936 0.6768
 4.28 -0.6868 0.6866
 4.29 -0.6799 0.6962
 4.30 -0.6729 0.7056
 4.31 -0.6658 0.7149
 4.32 -0.6586 0.7239
 4.33 -0.6513 0.7328
 4.34 -0.6439 0.7415
 4.35 -0.6365 0.7500
 4.36 -0.6289 0.7584
 4.37 -0.6213 0.7665
 4.38 -0.6136 0.7745
 4.39 -0.6058 0.7823
 4.40 -0.5979 0.7900
 4.41 -0.5900 0.7974
 4.42 -0.5820 0.8047
 4.43 -0.5739 0.8118
 4.44 -0.5657 0.8188
 4.45 -0.5575 0.8255
 4.46 -0.5492 0.8321
 4.47 -0.5408 0.8386
 4.48 -0.5324 0.8449
 4.49 -0.5239 0.8510
 4.50 -0.5153 0.8570
 4.51 -0.5067 0.8628
 4.52 -0.4980 0.8685
 4.53 -0.4893 0.8740
 4.54 -0.4805 0.8794
 4.55 -0.4717 0.8846
 4.56 -0.4628 0.8897
 4.57 -0.4539 0.8947
 4.58 -0.4449 0.8995
 4.59 -0.4359 0.9042
 4.60 -0.4268 0.9088
 4.61 -0.4177 0.9132
 4.62 -0.4086 0.9175
 4.63 -0.3994 0.9217
 4.64 -0.3901 0.9258
 4.65 -0.3809 0.9297
 4.66 -0.3715 0.9335
 4.67 -0.3622 0.9372
 4.68 -0.3528 0.9407
 4.69 -0.3434 0.9442
 4.70 -0.3339 0.9475
 4.71 -0.3244 0.9507
 4.72 -0.3149 0.9538
 4.73 -0.3054 0.9568
 4.74 -0.2958 0.9597
 4.75 -0.2862 0.9625
 4.76 -0.2765 0.9652
 4.77 -0.2668 0.9678
 4.78 -0.2572 0.9702
 4.79 -0.2474 0.9726
 4.80 -0.2377 0.9748
 4.81 -0.2279 0.9770
 4.82 -0.2181 0.9791
 4.83 -0.2083 0.9810
 4.84 -0.1985 0.9829
 4.85 -0.1887 0.9846
 4.86 -0.1788 0.9863
 4.87 -0.1689 0.9879
 4.88 -0.1591 0.9894
 4.89 -0.1492 0.9908
 4.90 -0.1392 0.9921
 4.91 -0.1293 0.9933
 4.92 -0.1194 0.9944
 4.93 -0.1094 0.9954
 4.94 -0.0995 0.9963
 4.95 -0.0895 0.9972
 4.96 -0.0795 0.9979
 4.97 -0.0695 0.9986
 4.98 -0.0595 0.9992
 4.99 -0.0495 0.9996
 5.00 -0.0395 1.0000
 5.01 -0.0295 1.0003
 5.02 -0.0195 1.0006
 5.03 -0.0095 1.0007
 5.04 0.0005 1.0007
 5.05 0.0105 1.0007
 5.06 0.0205 1.0006
 5.07 0.0305 1.0004
 5.08 0.0405 1.0000
 5.09 0.0505 0.9996
 5.10 0.0605 0.9992
 5.11 0.0704 0.9986
 5.12 0.0804 0.9979
 5.13 0.0904 0.9972
 5.14 0.1004 0.9963
 5.15 0.1103 0.9954
 5.16 0.1203 0.9944
 5.17 0.1302 0.9933
 5.18 0.1401 0.9921
 5.19 0.1500 0.9908
 5.20 0.1599 0.9894
 5.21 0.1698 0.9879
 5.22 0.1797 0.9863
 5.23 0.1896 0.9846
 5.24 0.1994 0.9829
 5.25 0.2092 0.9810
 5.26 0.2190 0.9790
 5.27 0.2288 0.9770
 5.28 0.2386 0.9748
 5.29 0.2484 0.9726
 5.30 0.2581 0.9702
 5.31 0.2678 0.9677
 5.32 0.2775 0.9652
 5.33 0.2871 0.9625
 5.34 0.2968 0.9597
 5.35 0.3064 0.9568
 5.36 0.3159 0.9538
 5.37 0.3255 0.9507
 5.38 0.3350 0.9474
 5.39 0.3445 0.9441
 5.40 0.3539 0.9406
 5.41 0.3633 0.9370
 5.42 0.3727 0.9333
 5.43 0.3820 0.9295
 5.44 0.3913 0.9255
 5.45 0.4006 0.9214
 5.46 0.4098 0.9172
 5.47 0.4189 0.9129
 5.48 0.4280 0.9084
 5.49 0.4371 0.9038
 5.50 0.4461 0.8991
 5.51 0.4551 0.8942
 5.52 0.4640 0.8892
 5.53 0.4729 0.8840
 5.54 0.4817 0.8788
 5.55 0.4905 0.8733
 5.56 0.4992 0.8678
 5.57 0.5079 0.8621
 5.58 0.5164 0.8562
 5.59 0.5250 0.8502
 5.60 0.5334 0.8440
 5.61 0.5418 0.8377
 5.62 0.5502 0.8313
 5.63 0.5584 0.8247
 5.64 0.5666 0.8179
 5.65 0.5748 0.8110
 5.66 0.5828 0.8039
 5.67 0.5908 0.7967
 5.68 0.5987 0.7892
 5.69 0.6066 0.7817
 5.70 0.6143 0.7739
 5.71 0.6220 0.7660
 5.72 0.6296 0.7580
 5.73 0.6371 0.7497
 5.74 0.6446 0.7413
 5.75 0.6519 0.7327
 5.76 0.6592 0.7239
 5.77 0.6664 0.7150
 5.78 0.6734 0.7059
 5.79 0.6804 0.6966
 5.80 0.6873 0.6871
 5.81 0.6941 0.6774
 5.82 0.7008 0.6675
 5.83 0.7074 0.6575
 5.84 0.7139 0.6473
 5.85 0.7203 0.6368
 5.86 0.7266 0.6262
 5.87 0.7328 0.6154
 5.88 0.7389 0.6043
 5.89 0.7449 0.5931
 5.90 0.7507 0.5817
 5.91 0.7565 0.5701
 5.92 0.7621 0.5583
 5.93 0.7676 0.5462
 5.94 0.7730 0.5340
 5.95 0.7783 0.5215
 5.96 0.7835 0.5088
 5.97 0.7885 0.4959
 5.98 0.7934 0.4828
 5.99 0.7982 0.4695
 6.00 0.8028 0.4560
 6.01 0.8073 0.4424
 6.02 0.8117 0.4285
 6.03 0.8159 0.4145
 6.04 0.8200 0.4003
 6.05 0.8239 0.3860
 6.06 0.8277 0.3715
 6.07 0.8314 0.3569
 6.08 0.8349 0.3421
 6.09 0.8383 0.3272
 6.10 0.8415 0.3122
 6.11 0.8446 0.2971
 6.12 0.8475 0.2819
 6.13 0.8502 0.2666
 6.14 0.8528 0.2511
 6.15 0.8553 0.2356
 6.16 0.8576 0.2201
 6.17 0.8597 0.2044
 6.18 0.8617 0.1887
 6.19 0.8635 0.1729
 6.20 0.8652 0.1571
 6.21 0.8667 0.1412
 6.22 0.8680 0.1253
 6.23 0.8692 0.1093
 6.24 0.8702 0.0934
 6.25 0.8711 0.0774
 6.26 0.8718 0.0613
 6.27 0.8723 0.0453
 6.28 0.8727 0.0292
 6.29 0.8729 0.0132
 6.30 0.8729 -0.0029
 6.31 0.8728 -0.0189
 6.32 0.8725 -0.0349
 6.33 0.8721 -0.0509
 6.34 0.8715 -0.0669
 6.35 0.8707 -0.0828
 6.36 0.8698 -0.0987
 6.37 0.8687 -0.1146
 6.38 0.8675 -0.1304
 6.39 0.8661 -0.1462
 6.40 0.8645 -0.1619
 6.41 0.8628 -0.1775
 6.42 0.8609 -0.1931
 6.43 0.8589 -0.2086
 6.44 0.8567 -0.2241
 6.45 0.8543 -0.2394
 6.46 0.8519 -0.2547
 6.47 0.8492 -0.2699
 6.48 0.8464 -0.2850
 6.49 0.8435 -0.3000
 6.50 0.8404 -0.3149
 6.51 0.8372 -0.3297
 6.52 0.8338 -0.3444
 6.53 0.8303 -0.3590
 6.54 0.8266 -0.3735
 6.55 0.8228 -0.3878
 6.56 0.8188 -0.4019
 6.57 0.8147 -0.4159
 6.58 0.8105 -0.4296
 6.59 0.8062 -0.4433
 6.60 0.8017 -0.4567
 6.61 0.7970 -0.4700
 6.62 0.7923 -0.4831
 6.63 0.7874 -0.4960
 6.64 0.7824 -0.5087
 6.65 0.7772 -0.5213
 6.66 0.7719 -0.5337
 6.67 0.7666 -0.5458
 6.68 0.7610 -0.5579
 6.69 0.7554 -0.5697
 6.70 0.7497 -0.5813
 6.71 0.7438 -0.5928
 6.72 0.7378 -0.6040
 6.73 0.7317 -0.6151
 6.74 0.7255 -0.6260
 6.75 0.7192 -0.6367
 6.76 0.7128 -0.6473
 6.77 0.7063 -0.6576
 6.78 0.6997 -0.6677
 6.79 0.6930 -0.6777
 6.80 0.6862 -0.6875
 6.81 0.6792 -0.6971
 6.82 0.6722 -0.7065
 6.83 0.6651 -0.7157
 6.84 0.6579 -0.7248
 6.85 0.6506 -0.7336
 6.86 0.6432 -0.7423
 6.87 0.6358 -0.7508
 6.88 0.6282 -0.7591
 6.89 0.6206 -0.7673
 6.90 0.6129 -0.7752
 6.91 0.6051 -0.7830
 6.92 0.5972 -0.7906
 6.93 0.5893 -0.7981
 6.94 0.5812 -0.8053
 6.95 0.5731 -0.8124
 6.96 0.5650 -0.8194
 6.97 0.5567 -0.8261
 6.98 0.5484 -0.8327
 6.99 0.5400 -0.8392
 7.00 0.5316 -0.8454
 7.01 0.5231 -0.8516
 7.02 0.5146 -0.8575
 7.03 0.5059 -0.8633
 7.04 0.4973 -0.8690
 7.05 0.4885 -0.8745
 7.06 0.4797 -0.8799
 7.07 0.4709 -0.8851
 7.08 0.4620 -0.8902
 7.09 0.4531 -0.8951
 7.10 0.4441 -0.8999
 7.11 0.4351 -0.9046
 7.12 0.4260 -0.9092
 7.13 0.4169 -0.9136
 7.14 0.4077 -0.9179
 7.15 0.3985 -0.9221
 7.16 0.3893 -0.9261
 7.17 0.3800 -0.9300
 7.18 0.3707 -0.9338
 7.19 0.3613 -0.9375
 7.20 0.3519 -0.9410
 7.21 0.3425 -0.9445
 7.22 0.3331 -0.9478
 7.23 0.3236 -0.9510
 7.24 0.3140 -0.9541
 7.25 0.3045 -0.9571
 7.26 0.2949 -0.9600
 7.27 0.2853 -0.9627
 7.28 0.2756 -0.9654
 7.29 0.2660 -0.9680
 7.30 0.2563 -0.9704
 7.31 0.2466 -0.9728
 7.32 0.2368 -0.9750
 7.33 0.2270 -0.9772
 7.34 0.2173 -0.9792
 7.35 0.2075 -0.9812
 7.36 0.1976 -0.9830
 7.37 0.1878 -0.9848
 7.38 0.1779 -0.9864
 7.39 0.1681 -0.9880
 7.40 0.1582 -0.9895
 7.41 0.1483 -0.9909
 7.42 0.1383 -0.9921
 7.43 0.1284 -0.9933
 7.44 0.1185 -0.9944
 7.45 0.1085 -0.9955
 7.46 0.0986 -0.9964
 7.47 0.0886 -0.9972
 7.48 0.0786 -0.9980
 7.49 0.0686 -0.9986
 7.50 0.0586 -0.9992
 7.51 0.0486 -0.9997
 7.52 0.0386 -1.0000
 7.53 0.0286 -1.0003
 7.54 0.0186 -1.0006
 7.55 0.0086 -1.0007
 7.56 -0.0014 -1.0007
 7.57 -0.0114 -1.0007
 7.58 -0.0214 -1.0005
 7.59 -0.0314 -1.0003
 7.60 -0.0414 -1.0000
 7.61 -0.0514 -0.9996
 7.62 -0.0614 -0.9991
 7.63 -0.0713 -0.9985
 7.64 -0.0813 -0.9978
 7.65 -0.0913 -0.9971
 7.66 -0.1013 -0.9962
 7.67 -0.1112 -0.9953
 7.68 -0.1212 -0.9943
 7.69 -0.1311 -0.9931
 7.70 -0.1410 -0.9919
 7.71 -0.1509 -0.9906
 7.72 -0.1608 -0.9892
 7.73 -0.1707 -0.9877
 7.74 -0.1806 -0.9861
 7.75 -0.1904 -0.9844
 7.76 -0.2003 -0.9827
 7.77 -0.2101 -0.9808
 7.78 -0.2199 -0.9788
 7.79 -0.2297 -0.9768
 7.80 -0.2395 -0.9746
 7.81 -0.2492 -0.9723
 7.82 -0.2589 -0.9700
 7.83 -0.2686 -0.9675
 7.84 -0.2783 -0.9649
 7.85 -0.2880 -0.9622
 7.86 -0.2976 -0.9594
 7.87 -0.3072 -0.9565
 7.88 -0.3168 -0.9535
 7.89 -0.3263 -0.9504
 7.90 -0.3358 -0.9471
 7.91 -0.3453 -0.9438
 7.92 -0.3547 -0.9403
 7.93 -0.3641 -0.9367
 7.94 -0.3735 -0.9330
 7.95 -0.3828 -0.9291
 7.96 -0.3921 -0.9252
 7.97 -0.4014 -0.9211
 7.98 -0.4106 -0.9169
 7.99 -0.4197 -0.9125
 8.00 -0.4289 -0.9080
 8.01 -0.4379 -0.9034
 8.02 -0.4469 -0.8987
 8.03 -0.4559 -0.8938
 8.04 -0.4648 -0.8888
 8.05 -0.4737 -0.8836
 8.06 -0.4825 -0.8783
 8.07 -0.4913 -0.8729
 8.08 -0.5000 -0.8673
 8.09 -0.5086 -0.8616
 8.10 -0.5172 -0.8557
 8.11 -0.5257 -0.8497
 8.12 -0.5342 -0.8435
 8.13 -0.5426 -0.8372
 8.14 -0.5509 -0.8307
 8.15 -0.5592 -0.8241
 8.16 -0.5674 -0.8173
 8.17 -0.5755 -0.8103
 8.18 -0.5836 -0.8032
 8.19 -0.5916 -0.7960
 8.20 -0.5995 -0.7885
 8.21 -0.6073 -0.7809
 8.22 -0.6151 -0.7732
 8.23 -0.6227 -0.7653
 8.24 -0.6303 -0.7572
 8.25 -0.6378 -0.7489
 8.26 -0.6453 -0.7405
 8.27 -0.6526 -0.7319
 8.28 -0.6599 -0.7231
 8.29 -0.6670 -0.7141
 8.30 -0.6741 -0.7049
 8.31 -0.6811 -0.6956
 8.32 -0.6880 -0.6861
 8.33 -0.6947 -0.6764
 8.34 -0.7014 -0.6665
 8.35 -0.7080 -0.6565
 8.36 -0.7145 -0.6462
 8.37 -0.7209 -0.6358
 8.38 -0.7272 -0.6251
 8.39 -0.7334 -0.6143
 8.40 -0.7394 -0.6033
 8.41 -0.7454 -0.5920
 8.42 -0.7513 -0.5806
 8.43 -0.7570 -0.5690
 8.44 -0.7626 -0.5572
 8.45 -0.7681 -0.5451
 8.46 -0.7735 -0.5329
 8.47 -0.7788 -0.5204
 8.48 -0.7839 -0.5078
 8.49 -0.7889 -0.4949
 8.50 -0.7938 -0.4818
 8.51 -0.7986 -0.4685
 8.52 -0.8032 -0.4550
 8.53 -0.8077 -0.4413
 8.54 -0.8120 -0.4274
 8.55 -0.8163 -0.4134
 8.56 -0.8203 -0.3992
 8.57 -0.8243 -0.3848
 8.58 -0.8281 -0.3703
 8.59 -0.8317 -0.3557
 8.60 -0.8352 -0.3409
 8.61 -0.8386 -0.3260
 8.62 -0.8418 -0.3110
 8.63 -0.8448 -0.2958
 8.64 -0.8477 -0.2806
 8.65 -0.8505 -0.2652
 8.66 -0.8530 -0.2498
 8.67 -0.8555 -0.2342
 8.68 -0.8578 -0.2186
 8.69 -0.8599 -0.2029
 8.70 -0.8618 -0.1872
 8.71 -0.8637 -0.1714
 8.72 -0.8653 -0.1555
 8.73 -0.8668 -0.1396
 8.74 -0.8681 -0.1237
 8.75 -0.8693 -0.1077
 8.76 -0.8703 -0.0917
 8.77 -0.8711 -0.0756
 8.78 -0.8718 -0.0596
 8.79 -0.8723 -0.0435
 8.80 -0.8727 -0.0275
 8.81 -0.8729 -0.0114
 8.82 -0.8729 0.0047
 8.83 -0.8728 0.0207
 8.84 -0.8725 0.0367
 8.85 -0.8720 0.0527
 8.86 -0.8714 0.0687
 8.87 -0.8706 0.0847
 8.88 -0.8697 0.1006
 8.89 -0.8686 0.1164
 8.90 -0.8673 0.1322
 8.91 -0.8659 0.1480
 8.92 -0.8643 0.1637
 8.93 -0.8626 0.1794
 8.94 -0.8607 0.1949
 8.95 -0.8586 0.2104
 8.96 -0.8564 0.2258
 8.97 -0.8541 0.2412
 8.98 -0.8516 0.2564
 8.99 -0.8489 0.2716
 9.00 -0.8461 0.2867
 9.01 -0.8431 0.3016
 9.02 -0.8400 0.3165
 9.03 -0.8368 0.3313
 9.04 -0.8334 0.3459
 9.05 -0.8298 0.3605
 9.06 -0.8261 0.3749
 9.07 -0.8223 0.3892
 9.08 -0.8184 0.4033
 9.09 -0.8143 0.4173
 9.10 -0.8100 0.4310
 9.11 -0.8056 0.4446
 9.12 -0.8011 0.4581
 9.13 -0.7965 0.4713
 9.14 -0.7917 0.4844
 9.15 -0.7868 0.4973
 9.16 -0.7818 0.5100
 9.17 -0.7766 0.5225
 9.18 -0.7713 0.5349
 9.19 -0.7659 0.5471
 9.20 -0.7604 0.5590
 9.21 -0.7548 0.5708
 9.22 -0.7490 0.5825
 9.23 -0.7431 0.5939
 9.24 -0.7371 0.6051
 9.25 -0.7310 0.6162
 9.26 -0.7248 0.6271
 9.27 -0.7185 0.6378
 9.28 -0.7121 0.6483
 9.29 -0.7056 0.6586
 9.30 -0.6989 0.6687
 9.31 -0.6922 0.6786
 9.32 -0.6854 0.6884
 9.33 -0.6785 0.6980
 9.34 -0.6714 0.7074
 9.35 -0.6643 0.7166
 9.36 -0.6571 0.7256
 9.37 -0.6498 0.7344
 9.38 -0.6424 0.7431
 9.39 -0.6350 0.7516
 9.40 -0.6274 0.7599
 9.41 -0.6198 0.7680
 9.42 -0.6120 0.7759
 9.43 -0.6042 0.7837
 9.44 -0.5964 0.7913
 9.45 -0.5884 0.7987
 9.46 -0.5804 0.8059
 9.47 -0.5723 0.8130
 9.48 -0.5641 0.8199
 9.49 -0.5559 0.8267
 9.50 -0.5475 0.8333
 9.51 -0.5392 0.8397
 9.52 -0.5307 0.8459
 9.53 -0.5222 0.8521
 9.54 -0.5137 0.8580
 9.55 -0.5050 0.8638
 9.56 -0.4964 0.8694
 9.57 -0.4876 0.8749
 9.58 -0.4788 0.8803
 9.59 -0.4700 0.8855
 9.60 -0.4611 0.8906
 9.61 -0.4522 0.8955
 9.62 -0.4432 0.9003
 9.63 -0.4341 0.9049
 9.64 -0.4251 0.9095
 9.65 -0.4159 0.9139
 9.66 -0.4068 0.9182
 9.67 -0.3976 0.9223
 9.68 -0.3883 0.9264
 9.69 -0.3791 0.9303
 9.70 -0.3697 0.9340
 9.71 -0.3604 0.9377
 9.72 -0.3510 0.9413
 9.73 -0.3416 0.9447
 9.74 -0.3321 0.9480
 9.75 -0.3226 0.9512
 9.76 -0.3131 0.9543
 9.77 -0.3035 0.9572
 9.78 -0.2939 0.9601
 9.79 -0.2843 0.9629
 9.80 -0.2747 0.9655
 9.81 -0.2650 0.9681
 9.82 -0.2553 0.9705
 9.83 -0.2456 0.9729
 9.84 -0.2358 0.9751
 9.85 -0.2261 0.9772
 9.86 -0.2163 0.9793
 9.87 -0.2065 0.9812
 9.88 -0.1967 0.9831
 9.89 -0.1868 0.9848
 9.90 -0.1769 0.9865
 9.91 -0.1671 0.9880
 9.92 -0.1572 0.9895
 9.93 -0.1473 0.9908
 9.94 -0.1374 0.9921
 9.95 -0.1274 0.9933
 9.96 -0.1175 0.9944
 9.97 -0.1075 0.9954
 9.98 -0.0976 0.9963
 9.99 -0.0876 0.9971
 10.00 -0.0776 0.9979
 10.01 -0.0676 0.9985
 10.02 -0.0577 0.9991
 10.03 -0.0477 0.9996
 10.04 -0.0377 0.9999
 10.05 -0.0277 1.0002
 10.06 -0.0177 1.0004
 10.07 -0.0077 1.0005
 10.08 0.0023 1.0006
 10.09 0.0124 1.0005
 10.10 0.0224 1.0004
 10.11 0.0324 1.0001
 10.12 0.0423 0.9998
 10.13 0.0523 0.9994
 10.14 0.0623 0.9989
 10.15 0.0723 0.9983
 10.16 0.0823 0.9976
 10.17 0.0923 0.9969
 10.18 0.1022 0.9960
 10.19 0.1122 0.9951
 10.20 0.1221 0.9940
 10.21 0.1320 0.9929
 10.22 0.1420 0.9917
 10.23 0.1519 0.9904
 10.24 0.1618 0.9889
 10.25 0.1716 0.9874
 10.26 0.1815 0.9858
 10.27 0.1914 0.9841
 10.28 0.2012 0.9824
 10.29 0.2110 0.9805
 10.30 0.2208 0.9785
 10.31 0.2306 0.9764
 10.32 0.2404 0.9743
 10.33 0.2501 0.9720
 10.34 0.2598 0.9696
 10.35 0.2695 0.9671
 10.36 0.2792 0.9645
 10.37 0.2889 0.9618
 10.38 0.2985 0.9590
 10.39 0.3081 0.9561
 10.40 0.3177 0.9531
 10.41 0.3272 0.9500
 10.42 0.3367 0.9467
 10.43 0.3462 0.9433
 10.44 0.3556 0.9399
 10.45 0.3650 0.9362
 10.46 0.3744 0.9325
 10.47 0.3837 0.9287
 10.48 0.3930 0.9247
 10.49 0.4022 0.9206
 10.50 0.4114 0.9164
 10.51 0.4206 0.9120
 10.52 0.4297 0.9075
 10.53 0.4387 0.9029
 10.54 0.4478 0.8981
 10.55 0.4567 0.8932
 10.56 0.4656 0.8882
 10.57 0.4745 0.8830
 10.58 0.4833 0.8777
 10.59 0.4921 0.8723
 10.60 0.5008 0.8667
 10.61 0.5094 0.8609
 10.62 0.5180 0.8550
 10.63 0.5265 0.8490
 10.64 0.5349 0.8428
 10.65 0.5433 0.8365
 10.66 0.5517 0.8300
 10.67 0.5599 0.8233
 10.68 0.5681 0.8165
 10.69 0.5762 0.8096
 10.70 0.5843 0.8024
 10.71 0.5923 0.7952
 10.72 0.6002 0.7877
 10.73 0.6080 0.7801
 10.74 0.6157 0.7723
 10.75 0.6234 0.7644
 10.76 0.6310 0.7563
 10.77 0.6385 0.7480
 10.78 0.6459 0.7395
 10.79 0.6532 0.7309
 10.80 0.6605 0.7221
 10.81 0.6676 0.7131
 10.82 0.6747 0.7039
 10.83 0.6817 0.6946
 10.84 0.6885 0.6851
 10.85 0.6953 0.6754
 10.86 0.7020 0.6655
 10.87 0.7086 0.6554
 10.88 0.7151 0.6451
 10.89 0.7214 0.6346
 10.90 0.7277 0.6240
 10.91 0.7339 0.6131
 10.92 0.7399 0.6021
 10.93 0.7459 0.5909
 10.94 0.7517 0.5794
 10.95 0.7575 0.5678
 10.96 0.7631 0.5559
 10.97 0.7686 0.5439
 10.98 0.7739 0.5316
 10.99 0.7792 0.5192
 11.00 0.7843 0.5065
 11.01 0.7893 0.4936
 11.02 0.7942 0.4805
 11.03 0.7989 0.4672
 11.04 0.8035 0.4537
 11.05 0.8080 0.4400
 11.06 0.8124 0.4262
 11.07 0.8166 0.4121
 11.08 0.8206 0.3979
 11.09 0.8245 0.3835
 11.10 0.8283 0.3690
 11.11 0.8320 0.3543
 11.12 0.8354 0.3395
 11.13 0.8388 0.3246
 11.14 0.8420 0.3096
 11.15 0.8450 0.2944
 11.16 0.8479 0.2791
 11.17 0.8506 0.2637
 11.18 0.8532 0.2483
 11.19 0.8556 0.2327
 11.20 0.8579 0.2171
 11.21 0.8600 0.2014
 11.22 0.8619 0.1856
 11.23 0.8637 0.1698
 11.24 0.8654 0.1539
 11.25 0.8668 0.1380
 11.26 0.8681 0.1221
 11.27 0.8693 0.1061
 11.28 0.8703 0.0900
 11.29 0.8711 0.0740
 11.30 0.8718 0.0579
 11.31 0.8723 0.0419
 11.32 0.8726 0.0258
 11.33 0.8728 0.0097
 11.34 0.8728 -0.0063
 11.35 0.8726 -0.0224
 11.36 0.8723 -0.0384
 11.37 0.8719 -0.0544
 11.38 0.8712 -0.0704
 11.39 0.8704 -0.0863
 11.40 0.8695 -0.1022
 11.41 0.8684 -0.1180
 11.42 0.8671 -0.1338
 11.43 0.8656 -0.1496
 11.44 0.8641 -0.1653
 11.45 0.8623 -0.1809
 11.46 0.8604 -0.1964
 11.47 0.8583 -0.2119
 11.48 0.8561 -0.2273
 11.49 0.8537 -0.2426
 11.50 0.8512 -0.2579
 11.51 0.8485 -0.2730
 11.52 0.8457 -0.2880
 11.53 0.8427 -0.3030
 11.54 0.8396 -0.3178
 11.55 0.8364 -0.3326
 11.56 0.8329 -0.3472
 11.57 0.8294 -0.3617
 11.58 0.8257 -0.3761
 11.59 0.8219 -0.3903
 11.60 0.8179 -0.4044
 11.61 0.8138 -0.4184
 11.62 0.8095 -0.4321
 11.63 0.8051 -0.4457
 11.64 0.8006 -0.4591
 11.65 0.7960 -0.4724
 11.66 0.7912 -0.4854
 11.67 0.7863 -0.4983
 11.68 0.7812 -0.5110
 11.69 0.7760 -0.5235
 11.70 0.7708 -0.5358
 11.71 0.7653 -0.5480
 11.72 0.7598 -0.5599
 11.73 0.7542 -0.5717
 11.74 0.7484 -0.5833
 11.75 0.7425 -0.5947
 11.76 0.7365 -0.6060
 11.77 0.7304 -0.6170
 11.78 0.7242 -0.6278
 11.79 0.7179 -0.6385
 11.80 0.7114 -0.6490
 11.81 0.7049 -0.6593
 11.82 0.6983 -0.6694
 11.83 0.6915 -0.6793
 11.84 0.6847 -0.6890
 11.85 0.6778 -0.6986
 11.86 0.6707 -0.7080
 11.87 0.6636 -0.7171
 11.88 0.6564 -0.7261
 11.89 0.6491 -0.7350
 11.90 0.6417 -0.7436
 11.91 0.6342 -0.7521
 11.92 0.6267 -0.7603
 11.93 0.6190 -0.7684
 11.94 0.6113 -0.7764
 11.95 0.6035 -0.7841
 11.96 0.5956 -0.7917
 11.97 0.5876 -0.7991
 11.98 0.5796 -0.8063
 11.99 0.5715 -0.8134
 12.00 0.5633 -0.8203
 12.01 0.5551 -0.8270
 12.02 0.5468 -0.8336
 12.03 0.5384 -0.8400
 12.04 0.5299 -0.8462
 12.05 0.5214 -0.8523
 12.06 0.5129 -0.8583
 12.07 0.5042 -0.8640
 12.08 0.4956 -0.8697
 12.09 0.4868 -0.8752
 12.10 0.4780 -0.8805
 12.11 0.4692 -0.8857
 12.12 0.4603 -0.8907
 12.13 0.4514 -0.8957
 12.14 0.4424 -0.9004
 12.15 0.4333 -0.9051
 12.16 0.4243 -0.9096
 12.17 0.4151 -0.9140
 12.18 0.4060 -0.9183
 12.19 0.3968 -0.9224
 12.20 0.3875 -0.9264
 12.21 0.3782 -0.9303
 12.22 0.3689 -0.9341
 12.23 0.3596 -0.9378
 12.24 0.3502 -0.9413
 12.25 0.3407 -0.9447
 12.26 0.3313 -0.9480
 12.27 0.3218 -0.9512
 12.28 0.3123 -0.9543
 12.29 0.3027 -0.9572
 12.30 0.2931 -0.9601
 12.31 0.2835 -0.9628
 12.32 0.2738 -0.9655
 12.33 0.2642 -0.9680
 12.34 0.2545 -0.9705
 12.35 0.2448 -0.9728
 12.36 0.2350 -0.9750
 12.37 0.2253 -0.9772
 12.38 0.2155 -0.9792
 12.39 0.2057 -0.9811
 12.40 0.1958 -0.9830
 12.41 0.1860 -0.9847
 12.42 0.1761 -0.9863
 12.43 0.1663 -0.9879
 12.44 0.1564 -0.9893
 12.45 0.1465 -0.9907
 12.46 0.1366 -0.9920
 12.47 0.1266 -0.9932
 12.48 0.1167 -0.9942
 12.49 0.1067 -0.9952
 12.50 0.0968 -0.9961
 12.51 0.0868 -0.9970
 12.52 0.0768 -0.9977
 12.53 0.0668 -0.9983
 12.54 0.0569 -0.9989
 12.55 0.0469 -0.9993
 12.56 0.0369 -0.9997
 12.57 0.0269 -1.0000
 12.58 0.0169 -1.0002
 12.59 0.0069 -1.0003
 12.60 -0.0031 -1.0003
 12.61 -0.0131 -1.0003
 12.62 -0.0231 -1.0001
 12.63 -0.0331 -0.9999
 12.64 -0.0431 -0.9995
 12.65 -0.0531 -0.9991
 12.66 -0.0631 -0.9986
 12.67 -0.0731 -0.9980
 12.68 -0.0830 -0.9973
 12.69 -0.0930 -0.9966
 12.70 -0.1030 -0.9957
 12.71 -0.1129 -0.9947
 12.72 -0.1228 -0.9937
 12.73 -0.1328 -0.9926
 12.74 -0.1427 -0.9913
 12.75 -0.1526 -0.9900
 12.76 -0.1625 -0.9886
 12.77 -0.1724 -0.9871
 12.78 -0.1822 -0.9855
 12.79 -0.1921 -0.9838
 12.80 -0.2019 -0.9820
 12.81 -0.2117 -0.9801
 12.82 -0.2215 -0.9781
 12.83 -0.2313 -0.9760
 12.84 -0.2411 -0.9738
 12.85 -0.2508 -0.9716
 12.86 -0.2605 -0.9692
 12.87 -0.2702 -0.9667
 12.88 -0.2799 -0.9641
 12.89 -0.2895 -0.9614
 12.90 -0.2992 -0.9586
 12.91 -0.3087 -0.9557
 12.92 -0.3183 -0.9526
 12.93 -0.3278 -0.9495
 12.94 -0.3373 -0.9462
 12.95 -0.3468 -0.9429
 12.96 -0.3562 -0.9394
 12.97 -0.3656 -0.9358
 12.98 -0.3750 -0.9320
 12.99 -0.3843 -0.9282
 13.00 -0.3936 -0.9242
 13.01 -0.4028 -0.9201
 13.02 -0.4120 -0.9158
 13.03 -0.4212 -0.9115
 13.04 -0.4303 -0.9070
 13.05 -0.4393 -0.9023
 13.06 -0.4483 -0.8976
 13.07 -0.4573 -0.8927
 13.08 -0.4662 -0.8876
 13.09 -0.4751 -0.8824
 13.10 -0.4839 -0.8771
 13.11 -0.4926 -0.8717
 13.12 -0.5013 -0.8661
 13.13 -0.5099 -0.8603
 13.14 -0.5185 -0.8544
 13.15 -0.5270 -0.8484
 13.16 -0.5355 -0.8422
 13.17 -0.5439 -0.8358
 13.18 -0.5522 -0.8293
 13.19 -0.5604 -0.8226
 13.20 -0.5686 -0.8158
 13.21 -0.5767 -0.8088
 13.22 -0.5848 -0.8017
 13.23 -0.5927 -0.7944
 13.24 -0.6006 -0.7870
 13.25 -0.6085 -0.7793
 13.26 -0.6162 -0.7715
 13.27 -0.6239 -0.7636
 13.28 -0.6314 -0.7555
 13.29 -0.6389 -0.7472
 13.30 -0.6463 -0.7387
 13.31 -0.6537 -0.7300
 13.32 -0.6609 -0.7212
 13.33 -0.6680 -0.7122
 13.34 -0.6751 -0.7030
 13.35 -0.6821 -0.6937
 13.36 -0.6889 -0.6842
 13.37 -0.6957 -0.6744
 13.38 -0.7024 -0.6645
 13.39 -0.7089 -0.6544
 13.40 -0.7154 -0.6441
 13.41 -0.7218 -0.6337
 13.42 -0.7280 -0.6230
 13.43 -0.7342 -0.6122
 13.44 -0.7403 -0.6011
 13.45 -0.7462 -0.5899
 13.46 -0.7520 -0.5784
 13.47 -0.7577 -0.5668
 13.48 -0.7633 -0.5549
 13.49 -0.7688 -0.5429
 13.50 -0.7742 -0.5306
 13.51 -0.7794 -0.5182
 13.52 -0.7845 -0.5055
 13.53 -0.7895 -0.4926
 13.54 -0.7944 -0.4795
 13.55 -0.7991 -0.4662
 13.56 -0.8037 -0.4527
 13.57 -0.8082 -0.4390
 13.58 -0.8125 -0.4252
 13.59 -0.8167 -0.4111
 13.60 -0.8208 -0.3969
 13.61 -0.8247 -0.3825
 13.62 -0.8284 -0.3680
 13.63 -0.8321 -0.3533
 13.64 -0.8355 -0.3385
 13.65 -0.8389 -0.3235
 13.66 -0.8420 -0.3085
 13.67 -0.8451 -0.2933
 13.68 -0.8479 -0.2780
 13.69 -0.8506 -0.2626
 13.70 -0.8532 -0.2471
 13.71 -0.8556 -0.2316
 13.72 -0.8579 -0.2159
 13.73 -0.8600 -0.2002
 13.74 -0.8619 -0.1844
 13.75 -0.8637 -0.1686
 13.76 -0.8653 -0.1527
 13.77 -0.8668 -0.1368
 13.78 -0.8681 -0.1208
 13.79 -0.8692 -0.1048
 13.80 -0.8702 -0.0888
 13.81 -0.8710 -0.0728
 13.82 -0.8717 -0.0567
 13.83 -0.8721 -0.0406
 13.84 -0.8725 -0.0246
 13.85 -0.8726 -0.0085
 13.86 -0.8726 0.0075
 13.87 -0.8725 0.0236
 13.88 -0.8722 0.0396
 13.89 -0.8717 0.0556
 13.90 -0.8710 0.0716
 13.91 -0.8702 0.0875
 13.92 -0.8693 0.1034
 13.93 -0.8681 0.1192
 13.94 -0.8668 0.1350
 13.95 -0.8654 0.1507
 13.96 -0.8638 0.1664
 13.97 -0.8620 0.1820
 13.98 -0.8601 0.1975
 13.99 -0.8580 0.2129
 14.00 -0.8558 0.2283
 14.01 -0.8534 0.2436
 14.02 -0.8509 0.2588
 14.03 -0.8482 0.2739
 14.04 -0.8454 0.2889
 14.05 -0.8424 0.3038
 14.06 -0.8393 0.3186
 14.07 -0.8360 0.3333
 14.08 -0.8326 0.3479
 14.09 -0.8290 0.3624
 14.10 -0.8253 0.3768
 14.11 -0.8214 0.3910
 14.12 -0.8175 0.4051
 14.13 -0.8133 0.4190
 14.14 -0.8091 0.4328
 14.15 -0.8047 0.4463
 14.16 -0.8002 0.4597
 14.17 -0.7955 0.4730
 14.18 -0.7907 0.4860
 14.19 -0.7858 0.4989
 14.20 -0.7807 0.5115
 14.21 -0.7756 0.5240
 14.22 -0.7703 0.5363
 14.23 -0.7649 0.5485
 14.24 -0.7593 0.5604
 14.25 -0.7537 0.5722
 14.26 -0.7479 0.5837
 14.27 -0.7420 0.5951
 14.28 -0.7360 0.6063
 14.29 -0.7299 0.6174
 14.30 -0.7237 0.6282
 14.31 -0.7173 0.6388
 14.32 -0.7109 0.6493
 14.33 -0.7044 0.6596
 14.34 -0.6977 0.6697
 14.35 -0.6910 0.6796
 14.36 -0.6842 0.6893
 14.37 -0.6772 0.6988
 14.38 -0.6702 0.7082
 14.39 -0.6631 0.7173
 14.40 -0.6558 0.7263
 14.41 -0.6485 0.7351
 14.42 -0.6412 0.7438
 14.43 -0.6337 0.7522
 14.44 -0.6261 0.7605
 14.45 -0.6185 0.7686
 14.46 -0.6107 0.7765
 14.47 -0.6029 0.7842
 14.48 -0.5950 0.7918
 14.49 -0.5871 0.7992
 14.50 -0.5791 0.8064
 14.51 -0.5710 0.8134
 14.52 -0.5628 0.8203
 14.53 -0.5545 0.8270
 14.54 -0.5462 0.8336
 14.55 -0.5378 0.8400
 14.56 -0.5294 0.8462
 14.57 -0.5209 0.8523
 14.58 -0.5123 0.8582
 14.59 -0.5037 0.8640
 14.60 -0.4950 0.8696
 14.61 -0.4863 0.8751
 14.62 -0.4775 0.8804
 14.63 -0.4686 0.8856
 14.64 -0.4598 0.8907
 14.65 -0.4508 0.8956
 14.66 -0.4418 0.9003
 14.67 -0.4328 0.9050
 14.68 -0.4237 0.9095
 14.69 -0.4146 0.9139
 14.70 -0.4054 0.9181
 14.71 -0.3962 0.9223
 14.72 -0.3870 0.9263
 14.73 -0.3777 0.9302
 14.74 -0.3684 0.9340
 14.75 -0.3590 0.9376
 14.76 -0.3496 0.9411
 14.77 -0.3402 0.9445
 14.78 -0.3307 0.9478
 14.79 -0.3212 0.9510
 14.80 -0.3117 0.9541
 14.81 -0.3022 0.9571
 14.82 -0.2926 0.9599
 14.83 -0.2830 0.9627
 14.84 -0.2733 0.9653
 14.85 -0.2637 0.9679
 14.86 -0.2540 0.9703
 14.87 -0.2443 0.9726
 14.88 -0.2345 0.9749
 14.89 -0.2248 0.9770
 14.90 -0.2150 0.9790
 14.91 -0.2052 0.9809
 14.92 -0.1954 0.9828
 14.93 -0.1855 0.9845
 14.94 -0.1757 0.9861
 14.95 -0.1658 0.9877
 14.96 -0.1559 0.9891
 14.97 -0.1460 0.9905
 14.98 -0.1361 0.9918
 14.99 -0.1262 0.9929