0 0 0
0.1 0.0898531 0.004414
0.2 0.178816 0.017683
0.3 0.265953 0.04068
0.4 0.350239 0.074426
0.5 0.430515 0.120452
0.6 0.505454 0.180611
0.7 0.573632 0.256879
0.8 0.633137 0.351103
0.9 0.682217 0.464052
1 0.718988 0.595448
1.1 0.741813 0.742648
1.2 0.749226 0.900695
1.3 0.740349 1.06303
1.4 0.715329 1.222
1.5 0.674752 1.37066
1.6 0.619914 1.50384
1.7 0.552515 1.61879
1.8 0.47443 1.71459
1.9 0.387625 1.79213
2 0.293634 1.8532
2.1 0.194209 1.89956
2.2 0.090602 1.93321
2.3 0.016006 1.95582
2.4 0.124575 1.96838
2.5 0.234059 1.97172
2.6 0.343664 1.96622
2.7 0.452503 1.95152
2.8 0.559649 1.92712
2.9 0.664092 1.89194
3 0.764593 1.84452
3.1 0.859951 1.78304
3.2 0.948569 1.70551
3.3 1.02896 1.61014
3.4 1.09908 1.4957
3.5 1.15706 1.36264
3.6 1.2013 1.21299
3.7 1.2302 1.0514
3.8 1.24286 0.884404
3.9 1.23925 0.719547
4 1.21995 0.563833
4.1 1.18607 0.422916
4.2 1.13939 0.299771
4.3 1.08176 0.195395
4.4 1.01496 0.109344
4.5 0.940851 0.039826
4.6 0.860902 0.015017
4.7 0.776496 0.057197
4.8 0.688936 0.088146
4.9 0.59928 0.109402
5 0.508382 0.121464
5.1 0.417241 0.124879
5.2 0.326644 0.119448
5.3 0.237508 0.104717
5.4 0.15093 0.079589
5.5 0.067927 0.04274
5.6 0.010121 0.00771
5.7 0.081848 0.073631
5.8 0.14559 0.156978
5.9 0.199524 0.258898
6 0.241661 0.37948
6.1 0.270202 0.516694
6.2 0.283858 0.666411
6.3 0.281468 0.822113
6.4 0.262875 0.976623
6.5 0.228467 1.12239
6.6 0.179593 1.25388
6.7 0.117664 1.3676
6.8 0.044628 1.46208
6.9 0.037633 1.53797
7 0.127338 1.59667
7.1 0.222985 1.64023
7.2 0.323066 1.67037
7.3 0.426258 1.68898
7.4 0.531685 1.69725
7.5 0.63828 1.69605
7.6 0.745139 1.68577
7.7 0.851378 1.66649
7.8 0.956085 1.63752
7.9 1.05828 1.59801
8 1.15696 1.5467
8.1 1.25067 1.48165
8.2 1.33807 1.4011
8.3 1.41753 1.30295
8.4 1.48724 1.18605
8.5 1.54531 1.04998
8.6 1.58982 0.896483
8.7 1.61942 0.729465
8.8 1.63286 0.554897
8.9 1.63 0.380373
9 1.61101 0.213061
9.1 1.57707 0.05916
9.2 1.52962 0.077709
9.3 1.47072 0.195792
9.4 1.40203 0.29545
9.5 1.32536 0.37808
9.6 1.24255 0.445586
9.7 1.15481 0.499825
9.8 1.06341 0.542621
9.9 0.969629 0.575226
10 0.874254 0.598661
10.1 0.778193 0.6133
10.2 0.682429 0.619264
10.3 0.587869 0.616026
10.4 0.495383 0.602709
10.5 0.40605 0.578002
10.6 0.321302 0.540312
10.7 0.242253 0.487497
10.8 0.170712 0.417831
10.9 0.108466 0.329738
11 0.057299 0.222715
11.1 0.019154 0.098207
11.2 0.004471 0.040096
11.3 0.012451 0.186688
11.4 0.004223 0.333983
11.5 0.019826 0.474725
11.6 0.058812 0.602563
11.7 0.11113 0.713455
11.8 0.175073 0.805454
11.9 0.248653 0.878708
12 0.330051 0.934399
12.1 0.417713 0.974494
12.2 0.510076 1.00096
12.3 0.60587 1.01557
12.4 0.704082 1.01962
12.5 0.803719 1.01431
12.6 0.903666 0.999959
12.7 1.00324 0.976859
12.8 1.10153 0.944442
12.9 1.19749 0.901993
13 1.29005 0.848359
13.1 1.37811 0.781793
13.2 1.46018 0.700377
13.3 1.53467 0.602158
13.4 1.59991 0.485669
13.5 1.65394 0.350215
13.6 1.695 0.196967
13.7 1.72133 0.02909
13.8 1.73183 0.147886
13.9 1.72584 0.32671
14 1.70355 0.499864
14.1 1.66595 0.66086
14.2 1.6145 0.805341
14.3 1.55085 0.931056
14.4 1.47691 1.03783
14.5 1.39462 1.12692
14.6 1.30564 1.19994
14.7 1.21137 1.25897
14.8 1.11311 1.30582
14.9 1.01208 1.34184
15 0.909298 1.36809
