0 0 0
0.001 0.009 0
0.002 0.018 0.000198
0.003 0.027 0.000396
0.004 0.036 0.000693
0.005 0.045 0.001089
0.006 0.054 0.001584
0.007 0.0629 0.002178
0.008 0.0719001 0.002772
0.009 0.0809001 0.003564
0.01 0.0899001 0.004356
0.011 0.0988002 0.005247
0.012 0.1077 0.006337
0.013 0.1167 0.007426
0.014 0.1256 0.008614
0.015 0.1345 0.009901
0.016 0.143401 0.011287
0.017 0.152301 0.012673
0.018 0.161201 0.014258
0.019 0.170001 0.015941
0.02 0.178901 0.017624
0.021 0.187701 0.019506
0.022 0.196502 0.021487
0.023 0.205302 0.023467
0.024 0.214102 0.025647
0.025 0.222802 0.027925
0.026 0.231503 0.030203
0.027 0.240203 0.032679
0.028 0.248903 0.035255
0.029 0.257604 0.03793
0.03 0.266204 0.040704
0.031 0.274804 0.043577
0.032 0.283305 0.04655
0.033 0.291905 0.049621
0.034 0.300406 0.052892
0.035 0.308806 0.056161
0.036 0.317307 0.05963
0.037 0.325707 0.063198
0.038 0.334008 0.066865
0.039 0.342309 0.070631
0.04 0.350609 0.074596
0.041 0.35881 0.078561
0.042 0.367011 0.082724
0.043 0.375212 0.087087
0.044 0.383313 0.091448
0.045 0.391413 0.096009
0.046 0.399414 0.100669
0.047 0.407315 0.105528
0.048 0.415216 0.110386
0.049 0.423117 0.115544
0.05 0.430918 0.1207
0.051 0.438719 0.126055
0.052 0.446421 0.13151
0.053 0.454022 0.137164
0.054 0.461623 0.142917
0.055 0.469124 0.148869
0.056 0.476626 0.15492
0.057 0.484027 0.16117
0.058 0.491329 0.167519
0.059 0.49853 0.174068
0.06 0.505732 0.180715
0.061 0.512933 0.187562
0.062 0.519935 0.194508
0.063 0.526937 0.201752
0.064 0.533838 0.208996
0.065 0.54074 0.21654
0.066 0.547442 0.224182
0.067 0.554144 0.231923
0.068 0.560746 0.239963
0.069 0.567248 0.248103
0.07 0.57365 0.256442
0.071 0.580053 0.264879
0.072 0.586355 0.273616
0.073 0.592457 0.282452
0.074 0.59856 0.291487
0.075 0.604562 0.300722
0.076 0.610464 0.310155
0.077 0.616267 0.319687
0.078 0.62197 0.329519
0.079 0.627572 0.339549
0.08 0.633175 0.349679
0.081 0.638578 0.360108
0.082 0.643881 0.370636
0.083 0.649084 0.381463
0.084 0.654187 0.392389
0.085 0.65919 0.403614
0.086 0.663993 0.415039
0.087 0.668797 0.426662
0.088 0.6734 0.438585
0.089 0.678003 0.450606
0.09 0.682407 0.462927
0.091 0.686711 0.475347
0.092 0.690814 0.488066
0.093 0.694918 0.500884
0.094 0.698822 0.513901
0.095 0.702526 0.527118
0.096 0.70623 0.540533
0.097 0.709734 0.554048
0.098 0.713038 0.567761
0.099 0.716342 0.581574
0.1 0.719447 0.595586
0.101 0.722351 0.609697
0.102 0.725156 0.624007
0.103 0.727861 0.638416
0.104 0.730365 0.652924
0.105 0.73267 0.667531
0.106 0.734975 0.682337
0.107 0.73698 0.697143
0.108 0.738885 0.712147
0.109 0.74069 0.727251
0.11 0.742296 0.742354
0.111 0.743801 0.757556
0.112 0.745107 0.772957
0.113 0.746212 0.788257
0.114 0.747218 0.803756
0.115 0.748024 0.819254
0.116 0.748729 0.834851
0.117 0.749235 0.850448
0.118 0.749642 0.866143
0.119 0.749848 0.881838
0.12 0.749854 0.897631
0.121 0.749761 0.913424
0.122 0.749467 0.929216
0.123 0.748974 0.945007
0.124 0.74838 0.960897
0.125 0.747687 0.976686
0.126 0.746694 0.992574
0.127 0.745601 1.00836
0.128 0.744409 1.02425
0.129 0.743016 1.04013
0.13 0.741423 1.05592
0.131 0.739731 1.0717
0.132 0.737838 1.08748
0.133 0.735746 1.10327
0.134 0.733554 1.11895
0.135 0.731162 1.13463
0.136 0.72867 1.15021
0.137 0.725979 1.16578
0.138 0.723187 1.18136
0.139 0.720195 1.19684
0.14 0.717004 1.21221
0.141 0.713713 1.22749
0.142 0.710322 1.24276
0.143 0.706731 1.25793
0.144 0.70294 1.273
0.145 0.699049 1.28808
0.146 0.695058 1.30295
0.147 0.690868 1.31771
0.148 0.686478 1.33238
0.149 0.681987 1.34685
0.15 0.677397 1.36111
0.151 0.672607 1.37528
0.152 0.667718 1.38924
0.153 0.662628 1.40311
0.154 0.657438 1.41677
0.155 0.652149 1.43023
0.156 0.64666 1.44349
0.157 0.641071 1.45665
0.158 0.635382 1.46961
0.159 0.629493 1.48247
0.16 0.623504 1.49502
0.161 0.617416 1.50748
0.162 0.611227 1.51973
0.163 0.604839 1.53189
0.164 0.598351 1.54374
0.165 0.591763 1.55549
0.166 0.585075 1.56705
0.167 0.578187 1.57839
0.168 0.5713 1.58954
0.169 0.564212 1.60049
0.17 0.557125 1.61124
0.171 0.549838 1.62189
0.172 0.542451 1.63233
0.173 0.534964 1.64248
0.174 0.527378 1.65252
0.175 0.519691 1.66236
0.176 0.511905 1.6721
0.177 0.504019 1.68154
0.178 0.496033 1.69078
0.179 0.487947 1.69992
0.18 0.479762 1.70886
0.181 0.471476 1.7176
0.182 0.463091 1.72613
0.183 0.454706 1.73447
0.184 0.446121 1.7427
0.185 0.437536 1.75064
0.186 0.428851 1.75847
0.187 0.420067 1.7661
0.188 0.411182 1.77363
0.189 0.402298 1.78086
0.19 0.393314 1.78799
0.191 0.38423 1.79492
0.192 0.375047 1.80174
0.193 0.365863 1.80837
0.194 0.35658 1.81479
0.195 0.347197 1.82111
0.196 0.337814 1.82724
0.197 0.328331 1.83316
0.198 0.318849 1.83898
0.199 0.309266 1.8446
0.2 0.299584 1.85012
0.201 0.289902 1.85543
0.202 0.28012 1.86065
0.203 0.270339 1.86577
0.204 0.260457 1.87068
0.205 0.250576 1.8754
0.206 0.240595 1.88011
0.207 0.230614 1.88462
0.208 0.220533 1.88903
0.209 0.210453 1.89324
0.21 0.200372 1.89735
0.211 0.190192 1.90136
0.212 0.180012 1.90516
0.213 0.169732 1.90897
0.214 0.159453 1.91258
0.215 0.149073 1.91608
0.216 0.138694 1.91938
0.217 0.128315 1.92268
0.218 0.117936 1.92579
0.219 0.107458 1.92889
0.22 0.096979 1.93179
0.221 0.086401 1.93458
0.222 0.075823 1.93728
0.223 0.065246 1.93988
0.224 0.054668 1.94227
0.225 0.043991 1.94467
0.226 0.033313 1.94696
0.227 0.022636 1.94905
0.228 0.01196 1.95114
0.229 0.001183 1.95313
0.23 0.009593 1.95492
0.231 0.020369 1.95671
0.232 0.031145 1.9584
0.233 0.041921 1.95988
0.234 0.052796 1.96137
0.235 0.063672 1.96275
0.236 0.074447 1.96404
0.237 0.085321 1.96522
0.238 0.096296 1.9663
0.239 0.10717 1.96728
0.24 0.118045 1.96816
0.241 0.129019 1.96894
0.242 0.139892 1.96971
0.243 0.150866 1.97029
0.244 0.161839 1.97086
0.245 0.172712 1.97124
0.246 0.183685 1.97161
0.247 0.194658 1.97188
0.248 0.20563 1.97206
0.249 0.216602 1.97213
0.25 0.227574 1.97219
0.251 0.238546 1.97206
0.252 0.249517 1.97183
0.253 0.260488 1.97159
0.254 0.271459 1.97126
0.255 0.28243 1.97082
0.256 0.293401 1.97029
0.257 0.304371 1.96965
0.258 0.315341 1.96891
0.259 0.326311 1.96807
0.26 0.33718 1.96723
0.261 0.348149 1.96619
0.262 0.359119 1.96514
0.263 0.369987 1.9639
0.264 0.380956 1.96265
0.265 0.391824 1.96131
0.266 0.402692 1.95986
0.267 0.41366 1.95831
0.268 0.424528 1.95666
0.269 0.435395 1.95491
0.27 0.446162 1.95316
0.271 0.457029 1.95121
0.272 0.467796 1.94915
0.273 0.478662 1.9471
0.274 0.489428 1.94484
0.275 0.500194 1.94259
0.276 0.510959 1.94013
0.277 0.521625 1.93767
0.278 0.53229 1.93501
0.279 0.543054 1.93225
0.28 0.553619 1.92949
0.281 0.564283 1.92652
0.282 0.574847 1.92346
0.283 0.585411 1.92029
0.284 0.595974 1.91703
0.285 0.606438 1.91366
0.286 0.616901 1.91009
0.287 0.627363 1.90652
0.288 0.637826 1.90275
0.289 0.648188 1.89888
0.29 0.65845 1.89491
0.291 0.668811 1.89083
0.292 0.678972 1.88656
0.293 0.689233 1.88218
0.294 0.699394 1.8777
0.295 0.709555 1.87313
0.296 0.719615 1.86835
0.297 0.729575 1.86347
0.298 0.739634 1.85848
0.299 0.749494 1.8534
0.3 0.759453 1.84812
0.301 0.769212 1.84264
0.302 0.77897 1.83715
0.303 0.788728 1.83146
0.304 0.798386 1.82558
0.305 0.808044 1.81959
0.306 0.817501 1.8135
0.307 0.827058 1.8072
0.308 0.836415 1.80081
0.309 0.845771 1.79422
0.31 0.855128 1.78753
0.311 0.864283 1.78063
0.312 0.873439 1.77353
0.313 0.882594 1.76634
0.314 0.891549 1.75904
0.315 0.900504 1.75144
0.316 0.909358 1.74384
0.317 0.918212 1.73593
0.318 0.926866 1.72793
0.319 0.93552 1.71973
0.32 0.944073 1.71142
0.321 0.952626 1.70291
0.322 0.960978 1.69421
0.323 0.969231 1.6853
0.324 0.977483 1.67619
0.325 0.985634 1.66698
0.326 0.993685 1.65757
0.327 1.00164 1.64795
0.328 1.00949 1.63824
0.329 1.01724 1.62822
0.33 1.02489 1.61801
0.331 1.03244 1.60769
0.332 1.03989 1.59717
0.333 1.04724 1.58635
0.334 1.05448 1.57543
0.335 1.06163 1.56431
0.336 1.06868 1.55298
0.337 1.07563 1.54146
0.338 1.08248 1.52963
0.339 1.08912 1.51771
0.34 1.09577 1.50548
0.341 1.10222 1.49315
0.342 1.10856 1.48052
0.343 1.11481 1.46769
0.344 1.12086 1.45466
0.345 1.1269 1.44142
0.346 1.13275 1.42789
0.347 1.13849 1.41425
0.348 1.14403 1.40042
0.349 1.14948 1.38648
0.35 1.15482 1.37224
0.351 1.15996 1.3579
0.352 1.16501 1.34346
0.353 1.16995 1.32882
0.354 1.17469 1.31397
0.355 1.17933 1.29913
0.356 1.18378 1.28398
0.357 1.18802 1.26883
0.358 1.19226 1.25358
0.359 1.1962 1.23813
0.36 1.20014 1.22258
0.361 1.20378 1.20703
0.362 1.20732 1.19128
0.363 1.21076 1.17552
0.364 1.21399 1.15967
0.365 1.21703 1.14371
0.366 1.21997 1.12765
0.367 1.22281 1.11159
0.368 1.22534 1.09543
0.369 1.22778 1.07927
0.37 1.23012 1.06301
0.371 1.23225 1.04675
0.372 1.23419 1.03048
0.373 1.23602 1.01412
0.374 1.23766 0.997848
0.375 1.2391 0.981479
0.376 1.24043 0.965109
0.377 1.24156 0.948638
0.378 1.2426 0.932266
0.379 1.24343 0.915893
0.38 1.24406 0.899518
0.381 1.24459 0.883143
0.382 1.24493 0.866866
0.383 1.24516 0.850588
0.384 1.24519 0.834308
0.385 1.24502 0.818028
0.386 1.24475 0.801846
0.387 1.24428 0.785663
0.388 1.24361 0.769579
0.389 1.24284 0.753493
0.39 1.24197 0.737507
0.391 1.2409 0.721619
0.392 1.23963 0.70573
0.393 1.23826 0.68994
0.394 1.23668 0.674248
0.395 1.23501 0.658655
0.396 1.23314 0.643061
0.397 1.23116 0.627666
0.398 1.22899 0.61227
0.399 1.22671 0.597072
0.4 1.22434 0.581873
0.401 1.22176 0.566873
0.402 1.21899 0.551972
0.403 1.21611 0.537269
0.404 1.21314 0.522765
0.405 1.20996 0.50836
0.406 1.20668 0.494154
0.407 1.2032 0.480146
0.408 1.19972 0.466238
0.409 1.19595 0.452627
0.41 1.19217 0.439016
0.411 1.18819 0.425704
0.412 1.18411 0.41259
0.413 1.17993 0.399575
0.414 1.17555 0.386758
0.415 1.17117 0.374141
0.416 1.16658 0.361722
0.417 1.1618 0.349402
0.418 1.15702 0.33728
0.419 1.15214 0.325458
0.42 1.14705 0.313734
0.421 1.14187 0.302209
0.422 1.13659 0.290782
0.423 1.1312 0.279654
0.424 1.12572 0.268725
0.425 1.12013 0.257895
0.426 1.11445 0.247264
0.427 1.10866 0.236831
0.428 1.10277 0.226597
0.429 1.09679 0.216561
0.43 1.0907 0.206724
0.431 1.08451 0.196987
0.432 1.07822 0.187547
0.433 1.07183 0.178207
0.434 1.06534 0.169065
0.435 1.05886 0.160122
0.436 1.05217 0.151277
0.437 1.04547 0.142731
0.438 1.03868 0.134284
0.439 1.03179 0.126036
0.44 1.0248 0.117886
0.441 1.01781 0.110035
0.442 1.01072 0.102283
0.443 1.00352 0.094729
0.444 0.996228 0.087275
0.445 0.988934 0.080118
0.446 0.98154 0.073061
0.447 0.974045 0.066102
0.448 0.966549 0.059342
0.449 0.958953 0.05278
0.45 0.951257 0.046317
0.451 0.94356 0.040053
0.452 0.935762 0.033888
0.453 0.927965 0.027921
0.454 0.920066 0.022053
0.455 0.912167 0.016383
0.456 0.904168 0.010813
0.457 0.896168 0.00534
0.458 0.888068 6.7e-05
0.459 0.879968 0.005108
0.46 0.871766 0.010184
0.461 0.863565 0.015061
0.462 0.855363 0.01984
0.463 0.84706 0.024521
0.464 0.838657 0.029102
0.465 0.830354 0.033485
0.466 0.82185 0.037769
0.467 0.813445 0.041955
0.468 0.80494 0.045942
0.469 0.796435 0.04993
0.47 0.787829 0.05372
0.471 0.779222 0.057411
0.472 0.770615 0.061003
0.473 0.762008 0.064497
0.474 0.7533 0.067892
0.475 0.744591 0.071189
0.476 0.735782 0.074387
0.477 0.726973 0.077486
0.478 0.718263 0.080387
0.479 0.709353 0.083289
0.48 0.700542 0.085992
0.481 0.69163 0.088697
0.482 0.682718 0.091303
0.483 0.673806 0.093711
0.484 0.664893 0.096119
0.485 0.655979 0.09833
0.486 0.646965 0.100542
0.487 0.637951 0.102655
0.488 0.629036 0.104669
0.489 0.62002 0.106585
0.49 0.610904 0.108402
0.491 0.601888 0.110121
0.492 0.592871 0.111741
0.493 0.583753 0.113263
0.494 0.574735 0.114686
0.495 0.565616 0.11611
0.496 0.556497 0.117336
0.497 0.547377 0.118563
0.498 0.538257 0.119692
0.499 0.529136 0.120622
0.5 0.520015 0.121553
0.501 0.510893 0.122386
0.502 0.501771 0.12322
0.503 0.492648 0.123856
0.504 0.483525 0.124393
0.505 0.474401 0.124932
0.506 0.465276 0.125372
0.507 0.456151 0.125713
0.508 0.447026 0.125856
0.509 0.437899 0.126
0.51 0.428773 0.126146
0.511 0.419745 0.126093
0.512 0.410618 0.125942
0.513 0.401489 0.125792
0.514 0.392361 0.125443
0.515 0.383331 0.125096
0.516 0.374201 0.124651
0.517 0.365171 0.124107
0.518 0.35614 0.123464
0.519 0.347108 0.122723
0.52 0.338076 0.121883
0.521 0.329043 0.120945
0.522 0.32001 0.119908
0.523 0.310976 0.118773
0.524 0.302041 0.117639
0.525 0.293106 0.116306
0.526 0.284171 0.114875
0.527 0.275234 0.113446
0.528 0.266298 0.111818
0.529 0.25736 0.110192
0.53 0.248523 0.108366
0.531 0.239684 0.106443
0.532 0.230845 0.104521
0.533 0.222105 0.1024
0.534 0.213265 0.100181
0.535 0.204525 0.097864
0.536 0.195883 0.095447
0.537 0.187141 0.092933
0.538 0.178499 0.09022
0.539 0.169856 0.087508
0.54 0.161312 0.084598
0.541 0.152768 0.081589
0.542 0.144223 0.078482
0.543 0.135777 0.075277
0.544 0.127331 0.071873
0.545 0.118884 0.06837
0.546 0.110537 0.064769
0.547 0.102289 0.061069
0.548 0.094041 0.057171
0.549 0.085792 0.053175
0.55 0.077642 0.04908
0.551 0.069492 0.044786
0.552 0.061441 0.040394
0.553 0.053389 0.035804
0.554 0.045437 0.031215
0.555 0.037485 0.026328
0.556 0.029631 0.021442
0.557 0.021777 0.016357
0.558 0.014123 0.011075
0.559 0.006368 0.005693
0.56 0.001188 0.000114
0.561 0.008745 0.005564
0.562 0.016302 0.011341
0.563 0.023659 0.017316
0.564 0.031018 0.02349
0.565 0.038377 0.029762
0.566 0.045536 0.036232
0.567 0.052696 0.042801
0.568 0.059757 0.049668
0.569 0.066819 0.056534
0.57 0.073681 0.063698
0.571 0.080543 0.070961
0.572 0.087307 0.078322
0.573 0.093971 0.085981
0.574 0.100635 0.093739
0.575 0.107101 0.101695
0.576 0.113567 0.10985
0.577 0.119933 0.118103
0.578 0.1261 0.126555
0.579 0.132268 0.135205
0.58 0.138337 0.144053
0.581 0.144306 0.1531
0.582 0.150176 0.162346
0.583 0.155946 0.171689
0.584 0.161617 0.181231
0.585 0.167189 0.191072
0.586 0.172662 0.201011
0.587 0.178035 0.211148
0.588 0.183309 0.221584
0.589 0.188483 0.232118
0.59 0.193458 0.242851
0.591 0.198434 0.253782
0.592 0.20321 0.264911
0.593 0.207888 0.276339
0.594 0.212465 0.287865
0.595 0.216944 0.299689
0.596 0.221323 0.311712
0.597 0.225503 0.323933
0.598 0.229583 0.336353
0.599 0.233564 0.348971
0.6 0.237346 0.361788
0.601 0.241029 0.374702
0.602 0.244612 0.387915
0.603 0.247996 0.401227
0.604 0.251281 0.414737
0.605 0.254366 0.428345
0.606 0.257352 0.442152
0.607 0.260239 0.456057
0.608 0.262926 0.47016
0.609 0.265514 0.484362
0.61 0.267903 0.498662
0.611 0.270192 0.513061
0.612 0.272283 0.527557
0.613 0.274174 0.542153
0.614 0.275965 0.556946
0.615 0.277657 0.571738
0.616 0.27915 0.586528
0.617 0.280444 0.601517
0.618 0.281639 0.616504
0.619 0.282634 0.631589
0.62 0.28353 0.646672
0.621 0.284226 0.661854
0.622 0.284724 0.677035
0.623 0.285122 0.692313
0.624 0.28532 0.70749
0.625 0.28542 0.722765
0.626 0.28532 0.738139
0.627 0.285021 0.753411
0.628 0.284623 0.768781
0.629 0.284025 0.78405
0.63 0.283228 0.799417
0.631 0.282332 0.814682
0.632 0.281236 0.829945
0.633 0.280042 0.845207
0.634 0.278648 0.860467
0.635 0.277055 0.875626
0.636 0.275362 0.890783
0.637 0.27347 0.905938
0.638 0.27148 0.920991
0.639 0.269289 0.936043
0.64 0.2669 0.950993
0.641 0.264411 0.965841
0.642 0.261723 0.980688
0.643 0.258936 0.995433
0.644 0.25595 1.01018
0.645 0.252764 1.02472
0.646 0.249579 1.03926
0.647 0.246095 1.0537
0.648 0.242511 1.06803
0.649 0.238829 1.08227
0.65 0.234947 1.0964
0.651 0.230966 1.11043
0.652 0.226785 1.12436
0.653 0.222506 1.13819
0.654 0.218027 1.15191
0.655 0.213449 1.16544
0.656 0.208672 1.17876
0.657 0.203795 1.19198
0.658 0.198819 1.2049
0.659 0.193745 1.21782
0.66 0.18847 1.23043
0.661 0.182997 1.24295
0.662 0.177525 1.25526
0.663 0.171853 1.26737
0.664 0.166082 1.27928
0.665 0.160112 1.29109
0.666 0.154042 1.30269
0.667 0.147974 1.31399
0.668 0.141606 1.3253
0.669 0.135239 1.3363
0.67 0.128773 1.34709
0.671 0.122107 1.35779
0.672 0.115343 1.36818
0.673 0.108479 1.37848
0.674 0.101516 1.38857
0.675 0.094454 1.39846
0.676 0.087292 1.40825
0.677 0.080032 1.41773
0.678 0.072672 1.42702
0.679 0.065213 1.4362
0.68 0.057655 1.44518
0.681 0.049898 1.45396
0.682 0.042141 1.46253
0.683 0.034286 1.47091
0.684 0.026331 1.47918
0.685 0.018277 1.48716
0.686 0.010124 1.49503
0.687 0.001972 1.50269
0.688 0.00638 1.51016
0.689 0.014731 1.51753
0.69 0.02318 1.52459
0.691 0.031729 1.53155
0.692 0.040377 1.53831
0.693 0.049025 1.54497
0.694 0.057871 1.55132
0.695 0.066717 1.55757
0.696 0.075562 1.56373
0.697 0.084605 1.56958
0.698 0.093648 1.57533
0.699 0.102791 1.58097
0.7 0.111932 1.58632
0.701 0.121173 1.59166
0.702 0.130412 1.5967
0.703 0.139851 1.60164
0.704 0.149189 1.60648
0.705 0.158726 1.61112
0.706 0.168262 1.61565
0.707 0.177797 1.61998
0.708 0.187432 1.62421
0.709 0.197065 1.62824
0.71 0.206798 1.63217
0.711 0.21653 1.63599
0.712 0.226361 1.63972
0.713 0.236191 1.64324
0.714 0.24612 1.64666
0.715 0.256048 1.64997
0.716 0.265976 1.65309
0.717 0.276002 1.6561
0.718 0.286028 1.65902
0.719 0.296153 1.66183
0.72 0.306277 1.66444
0.721 0.3164 1.66704
0.722 0.326522 1.66945
0.723 0.336743 1.67175
0.724 0.347063 1.67395
0.725 0.357283 1.67605
0.726 0.367601 1.67805
0.727 0.377919 1.67984
0.728 0.388336 1.68164
0.729 0.398651 1.68333
0.73 0.409066 1.68482
0.731 0.41948 1.68631
0.732 0.429993 1.68759
0.733 0.440505 1.68888
0.734 0.450917 1.68996
0.735 0.461427 1.69104
0.736 0.472036 1.69192
0.737 0.482545 1.6928
0.738 0.493152 1.69348
0.739 0.503659 1.69415
0.74 0.514265 1.69472
0.741 0.524869 1.69519
0.742 0.535573 1.69546
0.743 0.546176 1.69572
0.744 0.556778 1.69589
0.745 0.567479 1.69605
0.746 0.578079 1.69601
0.747 0.588778 1.69587
0.748 0.599476 1.69573
0.749 0.610174 1.69538
0.75 0.62087 1.69504
0.751 0.631565 1.69459
0.752 0.64226 1.69394
0.753 0.652953 1.69328
0.754 0.663646 1.69263
0.755 0.674337 1.69177
0.756 0.685028 1.69081
0.757 0.695718 1.68985
0.758 0.706406 1.68869
0.759 0.717094 1.68753
0.76 0.727781 1.68626
0.761 0.738466 1.6849
0.762 0.749151 1.68343
0.763 0.759735 1.68186
0.764 0.770418 1.68018
0.765 0.7811 1.67851
0.766 0.791781 1.67663
0.767 0.802361 1.67475
0.768 0.81304 1.67277
0.769 0.823618 1.67059
0.77 0.834195 1.6684
0.771 0.844771 1.66612
0.772 0.855346 1.66373
0.773 0.86592 1.66124
0.774 0.876493 1.65865
0.775 0.886965 1.65596
0.776 0.897536 1.65326
0.777 0.908006 1.65036
0.778 0.918475 1.64736
0.779 0.928943 1.64436
0.78 0.93941 1.64116
0.781 0.949776 1.63785
0.782 0.960141 1.63455
0.783 0.970505 1.63104
0.784 0.980868 1.62743
0.785 0.99123 1.62371
0.786 1.00149 1.6199
0.787 1.01175 1.61598
0.788 1.02201 1.61196
0.789 1.03217 1.60784
0.79 1.04232 1.60352
0.791 1.05248 1.5992
0.792 1.06254 1.59467
0.793 1.07259 1.59004
0.794 1.08264 1.58531
0.795 1.09259 1.58038
0.796 1.10255 1.57545
0.797 1.1125 1.57031
0.798 1.12234 1.56507
0.799 1.13209 1.55963
0.8 1.14194 1.55409
0.801 1.15158 1.54845
0.802 1.16123 1.5427
0.803 1.17087 1.53676
0.804 1.18041 1.53071
0.805 1.18995 1.52446
0.806 1.1994 1.5181
0.807 1.20884 1.51165
0.808 1.21817 1.50499
0.809 1.22741 1.49823
0.81 1.23665 1.49127
0.811 1.24578 1.48421
0.812 1.25492 1.47695
0.813 1.26395 1.46958
0.814 1.27288 1.46201
0.815 1.28181 1.45434
0.816 1.29064 1.44647
0.817 1.29937 1.4384
0.818 1.3081 1.43022
0.819 1.31672 1.42195
0.82 1.32525 1.41337
0.821 1.33367 1.40469
0.822 1.3421 1.3959
0.823 1.35032 1.38692
0.824 1.35854 1.37773
0.825 1.36666 1.36834
0.826 1.37478 1.35885
0.827 1.3827 1.34916
0.828 1.39061 1.33926
0.829 1.39833 1.32916
0.83 1.40604 1.31887
0.831 1.41366 1.30847
0.832 1.42117 1.29786
0.833 1.42848 1.28706
0.834 1.43579 1.27605
0.835 1.443 1.26494
0.836 1.45011 1.25353
0.837 1.45711 1.24202
0.838 1.46402 1.23021
0.839 1.47082 1.21829
0.84 1.47743 1.20618
0.841 1.48403 1.19376
0.842 1.49053 1.18124
0.843 1.49683 1.16851
0.844 1.50303 1.15559
0.845 1.50913 1.14236
0.846 1.51512 1.12903
0.847 1.52102 1.1154
0.848 1.52671 1.10167
0.849 1.53231 1.08763
0.85 1.5378 1.0734
0.851 1.54319 1.05896
0.852 1.54838 1.04432
0.853 1.55347 1.02947
0.854 1.55836 1.01443
0.855 1.56324 0.999283
0.856 1.56783 0.983935
0.857 1.57241 0.968385
0.858 1.5768 0.952733
0.859 1.58098 0.936979
0.86 1.58506 0.921023
0.861 1.58904 0.904965
0.862 1.59282 0.888806
0.863 1.59639 0.872444
0.864 1.59987 0.856081
0.865 1.60325 0.839516
0.866 1.60632 0.822948
0.867 1.60939 0.806179
0.868 1.61226 0.789408
0.869 1.61493 0.772536
0.87 1.6174 0.755661
0.871 1.61987 0.738684
0.872 1.62204 0.721606
0.873 1.6241 0.704525
0.874 1.62597 0.687443
0.875 1.62773 0.670259
0.876 1.62929 0.653073
0.877 1.63065 0.635785
0.878 1.63191 0.618595
0.879 1.63297 0.601303
0.88 1.63393 0.584109
0.881 1.63468 0.566814
0.882 1.63524 0.549516
0.883 1.63569 0.532317
0.884 1.63594 0.515116
0.885 1.63599 0.497913
0.886 1.63594 0.480708
0.887 1.63569 0.463501
0.888 1.63534 0.446392
0.889 1.63479 0.429382
0.89 1.63403 0.412369
0.891 1.63318 0.395355
0.892 1.63212 0.378439
0.893 1.63096 0.361521
0.894 1.6296 0.344801
0.895 1.62804 0.328079
0.896 1.62638 0.311455
0.897 1.62461 0.294829
0.898 1.62265 0.278402
0.899 1.62048 0.261973
0.9 1.61822 0.245642
0.901 1.61575 0.229509
0.902 1.61318 0.213374
0.903 1.61051 0.197337
0.904 1.60764 0.181498
0.905 1.60456 0.165658
0.906 1.60139 0.150016
0.907 1.59811 0.134471
0.908 1.59474 0.119125
0.909 1.59116 0.103877
0.91 1.58738 0.088928
0.911 1.5835 0.074076
0.912 1.57952 0.059323
0.913 1.57543 0.044868
0.914 1.57115 0.03051
0.915 1.56676 0.016351
0.916 1.56228 0.002391
0.917 1.55759 0.011372
0.918 1.5528 0.025036
0.919 1.54791 0.038503
0.92 1.54292 0.051671
0.921 1.53782 0.064741
0.922 1.53253 0.077713
0.923 1.52713 0.090386
0.924 1.52163 0.102862
0.925 1.51604 0.115239
0.926 1.51034 0.127418
0.927 1.50454 0.139399
0.928 1.49863 0.151181
0.929 1.49263 0.162766
0.93 1.48643 0.174152
0.931 1.48022 0.185341
0.932 1.47391 0.19643
0.933 1.4675 0.207322
0.934 1.46089 0.218016
0.935 1.45428 0.228511
0.936 1.44757 0.238808
0.937 1.44076 0.248907
0.938 1.43384 0.258908
0.939 1.42692 0.268711
0.94 1.41981 0.278315
0.941 1.41269 0.287721
0.942 1.40537 0.296929
0.943 1.39804 0.306039
0.944 1.39072 0.31495
0.945 1.3832 0.323664
0.946 1.37567 0.332179
0.947 1.36804 0.340595
0.948 1.36032 0.348814
0.949 1.35259 0.356934
0.95 1.34466 0.364857
0.951 1.33682 0.37258
0.952 1.32879 0.380106
0.953 1.32076 0.387634
0.954 1.31272 0.394863
0.955 1.30448 0.401994
0.956 1.29634 0.408926
0.957 1.288 0.415761
0.958 1.27966 0.422497
0.959 1.27132 0.429035
0.96 1.26287 0.435475
0.961 1.25443 0.441716
0.962 1.24588 0.447859
0.963 1.23723 0.453804
0.964 1.22868 0.459751
0.965 1.21993 0.465499
0.966 1.21128 0.471149
0.967 1.20253 0.476601
0.968 1.19367 0.482055
0.969 1.18492 0.48731
0.97 1.17596 0.492367
0.971 1.1671 0.497425
0.972 1.15814 0.502386
0.973 1.14918 0.507148
0.974 1.14011 0.511812
0.975 1.13105 0.516377
0.976 1.12198 0.520844
0.977 1.11282 0.525113
0.978 1.10365 0.529384
0.979 1.09448 0.533556
0.98 1.08531 0.53753
0.981 1.07603 0.541505
0.982 1.06676 0.545283
0.983 1.05748 0.549062
0.984 1.04811 0.552642
0.985 1.03883 0.556125
0.986 1.02945 0.559608
0.987 1.02007 0.562894
0.988 1.01069 0.566181
0.989 1.0012 0.56927
0.99 0.991717 0.572361
0.991 0.982331 0.575253
0.992 0.972843 0.578147
0.993 0.963354 0.580842
0.994 0.953863 0.58354
0.995 0.944271 0.586138
0.996 0.934777 0.588639
0.997 0.925182 0.591041
0.998 0.915686 0.593344
0.999 0.906088 0.59555
1 0.896489 0.597756
1.001 0.886888 0.599765
1.002 0.877386 0.601775
1.003 0.867783 0.603687
1.004 0.858178 0.6054
1.005 0.848572 0.607115
1.006 0.838964 0.608731
1.007 0.829355 0.610249
1.008 0.819745 0.611769
1.009 0.810033 0.61309
1.01 0.80042 0.614413
1.011 0.790805 0.615537
1.012 0.781289 0.616663
1.013 0.771671 0.617691
1.014 0.762052 0.61862
1.015 0.752432 0.619451
1.016 0.74281 0.620183
1.017 0.733187 0.620916
1.018 0.723662 0.621452
1.019 0.714036 0.621989
1.02 0.704508 0.622327
1.021 0.694979 0.622667
1.022 0.685349 0.622908
1.023 0.675817 0.623051
1.024 0.666283 0.622996
1.025 0.656848 0.622942
1.026 0.647312 0.622789
1.027 0.637775 0.622538
1.028 0.628335 0.622288
1.029 0.618895 0.62184
1.03 0.609453 0.621294
1.031 0.600009 0.620649
1.032 0.590564 0.620005
1.033 0.581218 0.619163
1.034 0.57187 0.618223
1.035 0.56252 0.617183
1.036 0.55317 0.616046
1.037 0.543817 0.61481
1.038 0.534564 0.613475
1.039 0.525308 0.612041
1.04 0.516052 0.61051
1.041 0.506894 0.608879
1.042 0.497734 0.60705
1.043 0.488573 0.605123
1.044 0.47951 0.603197
1.045 0.470446 0.600972
1.046 0.461381 0.598749
1.047 0.452414 0.596427
1.048 0.443445 0.593906
1.049 0.434575 0.591287
1.05 0.425704 0.58857
1.051 0.416831 0.585653
1.052 0.408057 0.582638
1.053 0.399381 0.579525
1.054 0.390603 0.576213
1.055 0.382025 0.572802
1.056 0.373444 0.569293
1.057 0.364862 0.565585
1.058 0.356379 0.561778
1.059 0.347894 0.557873
1.06 0.339508 0.553769
1.061 0.33122 0.549466
1.062 0.322931 0.545065
1.063 0.31474 0.540565
1.064 0.306648 0.535867
1.065 0.298554 0.531069
1.066 0.290459 0.526074
1.067 0.282562 0.520879
1.068 0.274663 0.515586
1.069 0.266864 0.510194
1.07 0.259062 0.504503
1.071 0.251359 0.498814
1.072 0.243755 0.492825
1.073 0.236249 0.486739
1.074 0.228842 0.480453
1.075 0.221433 0.474069
1.076 0.214122 0.467486
1.077 0.20691 0.460704
1.078 0.199797 0.453723
1.079 0.192782 0.446644
1.08 0.185765 0.439366
1.081 0.178947 0.431889
1.082 0.172128 0.424214
1.083 0.165407 0.416439
1.084 0.158884 0.408466
1.085 0.15236 0.400294
1.086 0.145934 0.391924
1.087 0.139607 0.383354
1.088 0.133378 0.374586
1.089 0.127348 0.365619
1.09 0.121316 0.356553
1.091 0.115383 0.347188
1.092 0.109648 0.337724
1.093 0.103912 0.328062
1.094 0.098374 0.318101
1.095 0.092834 0.308041
1.096 0.087493 0.297682
1.097 0.082251 0.287224
1.098 0.077207 0.276467
1.099 0.072161 0.265612
1.1 0.067314 0.254458
1.101 0.062565 0.243104
1.102 0.057915 0.231552
1.103 0.053463 0.219801
1.104 0.04911 0.207851
1.105 0.044855 0.195702
1.106 0.040698 0.183455
1.107 0.03674 0.170908
1.108 0.032981 0.158262
1.109 0.02932 0.145418
1.11 0.025757 0.132475
1.111 0.022293 0.119332
1.112 0.019127 0.106091
1.113 0.015959 0.092751
1.114 0.012991 0.079311
1.115 0.01022 0.065673
1.116 0.007548 0.051936
1.117 0.005074 0.0381
1.118 0.002699 0.024265
1.119 0.000522 0.010231
1.12 0.001556 0.003803
1.121 0.003436 0.017935
1.122 0.005117 0.032166
1.123 0.0067 0.046396
1.124 0.008185 0.060725
1.125 0.009371 0.075053
1.126 0.010459 0.089381
1.127 0.011448 0.103807
1.128 0.012239 0.118332
1.129 0.012831 0.132756
1.13 0.013325 0.14728
1.131 0.013621 0.161702
1.132 0.013718 0.176224
1.133 0.013717 0.190745
1.134 0.013517 0.205164
1.135 0.013119 0.219683
1.136 0.012623 0.234101
1.137 0.012028 0.248518
1.138 0.011134 0.262934
1.139 0.010143 0.27725
1.14 0.009053 0.291564
1.141 0.007764 0.305778
1.142 0.006277 0.31999
1.143 0.004592 0.334202
1.144 0.002908 0.348313
1.145 0.000926 0.362323
1.146 0.001155 0.376232
1.147 0.003434 0.390141
1.148 0.005812 0.403949
1.149 0.008387 0.417655
1.15 0.011062 0.431362
1.151 0.013934 0.444867
1.152 0.016905 0.458271
1.153 0.020075 0.471675
1.154 0.023343 0.484878
1.155 0.026709 0.49808
1.156 0.030374 0.511081
1.157 0.034037 0.523982
1.158 0.037898 0.536782
1.159 0.041858 0.549381
1.16 0.046016 0.561879
1.161 0.050273 0.574277
1.162 0.054728 0.586374
1.163 0.059282 0.59837
1.164 0.063933 0.610166
1.165 0.068684 0.62186
1.166 0.073632 0.633255
1.167 0.078679 0.644548
1.168 0.083925 0.655641
1.169 0.089269 0.666533
1.17 0.094611 0.677224
1.171 0.100252 0.687815
1.172 0.105891 0.698105
1.173 0.111628 0.708295
1.174 0.117564 0.718284
1.175 0.123598 0.728072
1.176 0.129731 0.737759
1.177 0.135961 0.747146
1.178 0.142291 0.756333
1.179 0.148719 0.765418
1.18 0.155345 0.774304
1.181 0.161969 0.782988
1.182 0.168692 0.791472
1.183 0.175613 0.799756
1.184 0.182533 0.807839
1.185 0.189551 0.815821
1.186 0.196767 0.823603
1.187 0.203982 0.831084
1.188 0.211295 0.838465
1.189 0.218707 0.845745
1.19 0.226217 0.852725
1.191 0.233825 0.859604
1.192 0.241432 0.866182
1.193 0.249237 0.872661
1.194 0.25704 0.879038
1.195 0.264942 0.885115
1.196 0.272942 0.891092
1.197 0.281041 0.896868
1.198 0.289138 0.902444
1.199 0.297333 0.907919
1.2 0.305627 0.913194
1.201 0.313919 0.918269
1.202 0.32231 0.923243
1.203 0.330798 0.928017
1.204 0.339386 0.93259
1.205 0.347971 0.937062
1.206 0.356555 0.941435
1.207 0.365337 0.945507
1.208 0.374018 0.949578
1.209 0.382897 0.95345
1.21 0.391775 0.957121
1.211 0.40065 0.960691
1.212 0.409625 0.964061
1.213 0.418597 0.967431
1.214 0.427668 0.970501
1.215 0.436837 0.97357
1.216 0.445905 0.976439
1.217 0.455171 0.979207
1.218 0.464335 0.981875
1.219 0.473598 0.984343
1.22 0.482959 0.986711
1.221 0.492319 0.988978
1.222 0.501677 0.991145
1.223 0.511033 0.993212
1.224 0.520487 0.995078
1.225 0.53004 0.996845
1.226 0.539492 0.998511
1.227 0.549041 1.00008
1.228 0.55859 1.00154
1.229 0.568236 1.00281
1.23 0.577881 1.00407
1.231 0.587524 1.00514
1.232 0.597265 1.0062
1.233 0.606905 1.00707
1.234 0.616644 1.00793
1.235 0.62638 1.0086
1.236 0.636215 1.00916
1.237 0.645948 1.00972
1.238 0.65578 1.01009
1.239 0.66561 1.01035
1.24 0.675539 1.01061
1.241 0.685365 1.01068
1.242 0.695291 1.01064
1.243 0.705114 1.0106
1.244 0.715036 1.01037
1.245 0.724956 1.01013
1.246 0.734875 1.00979
1.247 0.744892 1.00935
1.248 0.754807 1.00872
1.249 0.764821 1.00808
1.25 0.774733 1.00734
1.251 0.784743 1.0066
1.252 0.794752 1.00567
1.253 0.804759 1.00463
1.254 0.814665 1.00359
1.255 0.824669 1.00235
1.256 0.834671 1.00112
1.257 0.844672 0.999777
1.258 0.85467 0.99834
1.259 0.864668 0.996802
1.26 0.874663 0.995164
1.261 0.884658 0.993526
1.262 0.89465 0.991689
1.263 0.904641 0.989851
1.264 0.91463 0.987813
1.265 0.924617 0.985776
1.266 0.934603 0.983638
1.267 0.944587 0.981401
1.268 0.95447 0.979063
1.269 0.964451 0.976726
1.27 0.97443 0.974189
1.271 0.984308 0.971552
1.272 0.994184 0.968915
1.273 1.00416 0.966178
1.274 1.01403 0.963241
1.275 1.0239 0.960305
1.276 1.03377 0.957268
1.277 1.04364 0.954132
1.278 1.05341 0.950896
1.279 1.06327 0.94756
1.28 1.07303 0.944124
1.281 1.08279 0.940589
1.282 1.09255 0.936953
1.283 1.10231 0.933218
1.284 1.11207 0.929383
1.285 1.12172 0.925548
1.286 1.13138 0.921513
1.287 1.14103 0.917379
1.288 1.15068 0.913145
1.289 1.16023 0.908811
1.29 1.16987 0.904377
1.291 1.17932 0.899844
1.292 1.18886 0.895111
1.293 1.1983 0.890378
1.294 1.20774 0.885445
1.295 1.21718 0.880513
1.296 1.22652 0.875381
1.297 1.23585 0.870149
1.298 1.24519 0.864718
1.299 1.25442 0.859287
1.3 1.26365 0.853656
1.301 1.27278 0.847925
1.302 1.28191 0.841995
1.303 1.29103 0.836066
1.304 1.30005 0.829936
1.305 1.30898 0.823607
1.306 1.3179 0.817279
1.307 1.32682 0.81075
1.308 1.33563 0.804022
1.309 1.34445 0.797195
1.31 1.35316 0.790268
1.311 1.36177 0.783241
1.312 1.37038 0.776015
1.313 1.37889 0.768589
1.314 1.3874 0.761064
1.315 1.39581 0.753439
1.316 1.40421 0.745614
1.317 1.41251 0.73759
1.318 1.42071 0.729466
1.319 1.42882 0.721143
1.32 1.43691 0.712721
1.321 1.44491 0.704098
1.322 1.4529 0.695377
1.323 1.4607 0.686455
1.324 1.46849 0.677435
1.325 1.47628 0.668115
1.326 1.48386 0.658695
1.327 1.49145 0.649176
1.328 1.49884 0.639457
1.329 1.50622 0.629539
1.33 1.5135 0.619422
1.331 1.52078 0.609105
1.332 1.52786 0.598688
1.333 1.53484 0.588072
1.334 1.54181 0.577257
1.335 1.54868 0.566343
1.336 1.55536 0.555228
1.337 1.56203 0.543815
1.338 1.5686 0.532302
1.339 1.57496 0.52059
1.34 1.58133 0.508678
1.341 1.58759 0.496667
1.342 1.59365 0.484357
1.343 1.59971 0.471947
1.344 1.60567 0.459238
1.345 1.61143 0.44643
1.346 1.61709 0.433322
1.347 1.62264 0.420115
1.348 1.62809 0.406609
1.349 1.63344 0.393003
1.35 1.63869 0.379098
1.351 1.64374 0.365094
1.352 1.64869 0.35079
1.353 1.65353 0.336287
1.354 1.65827 0.321585
1.355 1.66282 0.306684
1.356 1.66725 0.291583
1.357 1.67159 0.276283
1.358 1.67573 0.260884
1.359 1.67976 0.245185
1.36 1.6837 0.229388
1.361 1.68743 0.213391
1.362 1.69096 0.197295
1.363 1.69449 0.180999
1.364 1.69771 0.164605
1.365 1.70094 0.148011
1.366 1.70386 0.131418
1.367 1.70679 0.114626
1.368 1.70941 0.097735
1.369 1.71192 0.080744
1.37 1.71434 0.063655
1.371 1.71656 0.046566
1.372 1.71867 0.029278
1.373 1.72059 0.011991
1.374 1.7223 0.005395
1.375 1.72391 0.022781
1.376 1.72531 0.040265
1.377 1.72662 0.057749
1.378 1.72772 0.075331
1.379 1.72863 0.092913
1.38 1.72943 0.110494
1.381 1.73003 0.128074
1.382 1.73053 0.145753
1.383 1.73072 0.163431
1.384 1.73092 0.181009
1.385 1.73081 0.198685
1.386 1.7306 0.21626
1.387 1.73029 0.233935
1.388 1.72978 0.251508
1.389 1.72907 0.269081
1.39 1.72816 0.286652
1.391 1.72714 0.304123
1.392 1.72602 0.321593
1.393 1.7246 0.338961
1.394 1.72308 0.356329
1.395 1.72146 0.373595
1.396 1.71964 0.390861
1.397 1.71761 0.408026
1.398 1.71549 0.425089
1.399 1.71316 0.442052
1.4 1.71073 0.459013
1.401 1.7081 0.475874
1.402 1.70536 0.492633
1.403 1.70243 0.509292
1.404 1.69939 0.525849
1.405 1.69616 0.542305
1.406 1.69282 0.55866
1.407 1.68927 0.574914
1.408 1.68563 0.591068
1.409 1.68179 0.60712
1.41 1.67784 0.62307
1.411 1.6737 0.63882
1.412 1.66955 0.654469
1.413 1.6651 0.669916
1.414 1.66065 0.685263
1.415 1.65599 0.700308
1.416 1.65124 0.715252
1.417 1.64628 0.730095
1.418 1.64122 0.744637
1.419 1.63606 0.759078
1.42 1.6307 0.773218
1.421 1.62534 0.787256
1.422 1.61978 0.801093
1.423 1.61411 0.81483
1.424 1.60824 0.828264
1.425 1.60237 0.841598
1.426 1.59631 0.854631
1.427 1.59013 0.867562
1.428 1.58386 0.880292
1.429 1.57749 0.892921
1.43 1.57101 0.905249
1.431 1.56433 0.917376
1.432 1.55765 0.929401
1.433 1.55087 0.941225
1.434 1.54389 0.952848
1.435 1.5369 0.96427
1.436 1.52982 0.97549
1.437 1.52253 0.986509
1.438 1.51524 0.997427
1.439 1.50785 1.00804
1.44 1.50026 1.01856
1.441 1.49267 1.02887
1.442 1.48508 1.03909
1.443 1.47728 1.049
1.444 1.46938 1.05881
1.445 1.46148 1.06842
1.446 1.45338 1.07782
1.447 1.44528 1.08703
1.448 1.43708 1.09614
1.449 1.42887 1.10504
1.45 1.42056 1.11374
1.451 1.41216 1.12224
1.452 1.40365 1.13064
1.453 1.39504 1.13884
1.454 1.38642 1.14694
1.455 1.37771 1.15483
1.456 1.36899 1.16253
1.457 1.36018 1.17012
1.458 1.35126 1.17751
1.459 1.34234 1.1848
1.46 1.33332 1.19189
1.461 1.32429 1.19888
1.462 1.31517 1.20567
1.463 1.30594 1.21235
1.464 1.29682 1.21893
1.465 1.28749 1.22532
1.466 1.27815 1.2315
1.467 1.26882 1.23768
1.468 1.25939 1.24365
1.469 1.24995 1.24953
1.47 1.24042 1.2552
1.471 1.23088 1.26088
1.472 1.22134 1.26635
1.473 1.2117 1.27172
1.474 1.20206 1.27699
1.475 1.19232 1.28206
1.476 1.18257 1.28702
1.477 1.17282 1.29189
1.478 1.16297 1.29665
1.479 1.15312 1.30131
1.48 1.14327 1.30587
1.481 1.13342 1.31033
1.482 1.12347 1.31459
1.483 1.11351 1.31885
1.484 1.10345 1.3229
1.485 1.0935 1.32695
1.486 1.08344 1.33081
1.487 1.07338 1.33456
1.488 1.06321 1.33831
1.489 1.05315 1.34185
1.49 1.04298 1.3453
1.491 1.03282 1.34864
1.492 1.02265 1.35198
1.493 1.01238 1.35513
1.494 1.00221 1.35816
1.495 0.991934 1.3612
1.496 0.98166 1.36404
1.497 0.971384 1.36687
1.498 0.961107 1.36961
1.499 0.950829 1.37214
