0 0 0
0.01 1.5e-07 4.4e-05
0.02 1.2e-06 2.4e-05
0.03 4e-06 4e-06
0.04 9.4e-06 4e-06
0.05 1.83e-05 0
0.06 3.17e-05 1.5e-05
0.07 4.97e-05 4.2e-05
0.08 2.49e-05 2.1e-05
0.09 7e-06 2.7e-05
0.1 4.69e-05 1.4e-05
0.11 4e-06 4.6e-05
0.12 4.6e-05 3.1e-05
0.13 2.3e-05 1.8e-05
0.14 4e-06 1.3e-05
0.15 3e-06 1.5e-05
0.16 4e-06 2.4e-05
0.17 2.5e-05 6e-05
0.18 6.2e-05 3.9e-05
0.19 1.4e-05 1.3e-05
0.2 8.4e-05 8.3e-05
0.21 7.2e-05 5e-05
0.22 7.9e-05 1.4e-05
0.23 0.000107 7.8e-05
0.24 0.000155 4.1e-05
0.25 0.000126 6e-06
0.26 0.00012 7.2e-05
0.27 0.000138 4.1e-05
0.28 0.000181 1.5e-05
0.29 0.00025 6e-06
0.3 0.000247 2e-05
0.31 0.000272 2.5e-05
0.32 0.000227 2.2e-05
0.33 0.000312 7e-06
0.34 0.000329 8e-05
0.35 0.000279 3.9e-05
0.36 0.000363 8.3e-05
0.37 0.000382 0.00011
0.38 0.000337 0.000118
0.39 0.00033 0.000107
0.4 0.000361 0.000173
0.41 0.000333 0.000116
0.42 0.000346 0.000134
0.43 0.000401 0.000224
0.44 0.000399 0.000186
0.45 0.000443 0.000217
0.46 0.000434 0.000216
0.47 0.000371 0.00028
0.48 0.000358 0.000208
0.49 0.000396 0.000298
0.5 0.000385 0.000247
0.51 0.000427 0.000254
0.52 0.000424 0.000217
0.53 0.000377 0.000234
0.54 0.000388 0.000202
0.55 0.000358 0.00022
0.56 0.000388 0.000186
0.57 0.000381 0.000198
0.58 0.000337 0.000153
0.59 0.000258 0.000151
0.6 0.000246 8.8e-05
0.61 0.000303 6.2e-05
0.62 0.00023 2.8e-05
0.63 0.000228 1.7e-05
0.64 0.0002 0.000107
0.65 0.000247 0.000101
0.66 0.00017 0.000167
0.67 0.000173 0.000306
0.68 0.000155 0.000321
0.69 0.00012 0.000412
0.7 6.8e-05 0.000482
0.71 0.000102 0.000633
0.72 0.000123 0.000665
0.73 3.4e-05 0.00078
0.74 3.5e-05 0.000879
0.75 3e-05 0.000964
0.76 1.9e-05 0.001036
0.77 5e-06 0.001195
0.78 1e-05 0.001243
0.79 2.5e-05 0.00128
0.8 6.2e-05 0.001408
0.81 5.4e-05 0.001425
0.82 5.1e-05 0.001534
0.83 5.7e-05 0.001533
0.84 7.3e-05 0.001624
0.85 0.0001 0.001605
0.86 4.1e-05 0.001577
0.87 9.8e-05 0.001539
0.88 7.3e-05 0.001391
0.89 0.000167 0.001331
0.9 0.000182 0.001158
0.91 0.00022 0.001072
0.92 0.000184 0.000871
0.93 0.000274 0.000752
0.94 0.000294 0.000615
0.95 0.000243 0.000457
0.96 0.000325 0.000275
0.97 0.000341 0.000167
0.98 0.000293 3e-05
0.99 0.000383 3.9e-05
1 0.000411 0.000144
1.01 0.00038 0.000187
1.02 0.000392 0.000273
1.03 0.000447 0.000306
1.04 0.000448 0.00029
1.05 0.000396 0.00023
1.06 0.000492 0.000231
1.07 0.000438 9.7e-05
1.08 0.000435 3.4e-05
1.09 0.000484 5.3e-05
1.1 0.000486 0.000258
1.11 0.000543 0.000475
1.12 0.000556 0.000597
1.13 0.000525 0.00092
1.14 0.000553 0.001136
1.15 0.000538 0.001438
1.16 0.000584 0.001721
1.17 0.000589 0.002076
1.18 0.000655 0.002396
1.19 0.000683 0.002775
1.2 0.000673 0.0031056
1.21 0.000725 0.0034793
1.22 0.000741 0.0038892
1.23 0.000719 0.0043274
1.24 0.000761 0.0046865
1.25 0.000867 0.0051586
1.26 0.000837 0.005536
1.27 0.00087 0.006011
1.28 0.000967 0.0063758
1.29 0.001027 0.0067227
1.3 0.001051 0.007144
1.31 0.001138 0.0075321
1.32 0.001188 0.007879
1.33 0.001199 0.008178
1.34 0.001273 0.008522
1.35 0.001308 0.008802
1.36 0.001403 0.009112
1.37 0.001458 0.009345
1.38 0.001571 0.009494
1.39 0.001643 0.009652
1.4 0.001672 0.009813
1.41 0.001757 0.00997
1.42 0.001897 0.010018
1.43 0.001991 0.010049
1.44 0.002038 0.010059
1.45 0.002136 0.009942
1.46 0.002284 0.009892
1.47 0.002381 0.009804
1.48 0.002426 0.009674
1.49 0.002516 0.009597
1.5 0.002651 0.009569
1.51 0.002729 0.009484
1.52 0.002848 0.009441
1.53 0.002907 0.009333
1.54 0.003004 0.009259
1.55 0.003138 0.009216
1.56 0.003206 0.009199
1.57 0.003307 0.009106
1.58 0.00344 0.009036
1.59 0.003501 0.008885
1.6 0.003591 0.008852
1.61 0.003706 0.008735
1.62 0.003845 0.008632
1.63 0.003906 0.008443
1.64 0.003987 0.008365
1.65 0.004087 0.008197
1.66 0.004202 0.00804
1.67 0.004233 0.007893
1.68 0.004376 0.007755
1.69 0.004429 0.007625
1.7 0.004592 0.007505
1.71 0.004661 0.007294
1.72 0.004735 0.007092
1.73 0.004812 0.007
1.74 0.00489 0.006818
1.75 0.004968 0.006648
1.76 0.005042 0.006389
1.77 0.005113 0.006244
1.78 0.005177 0.006112
1.79 0.005232 0.005896
1.8 0.005278 0.005696
1.81 0.005312 0.005514
1.82 0.005332 0.005351
1.83 0.005436 0.005209
1.84 0.005423 0.004989
1.85 0.005491 0.004894
1.86 0.005539 0.004724
1.87 0.005563 0.004582
1.88 0.005564 0.004369
1.89 0.005638 0.004287
1.9 0.005685 0.004138
1.91 0.005702 0.004025
1.92 0.005689 0.003848
1.93 0.005743 0.003711
1.94 0.005762 0.003614
1.95 0.005746 0.00346
1.96 0.005793 0.003351
1.97 0.005801 0.00329
1.98 0.005868 0.003177
1.99 0.005894 0.003115
2 0.005876 0.003007
2.01 0.005914 0.002953
2.02 0.005905 0.002857
2.03 0.005948 0.002719
2.04 0.005943 0.002643
2.05 0.005987 0.002629
2.06 0.005979 0.00248
2.07 0.006018 0.002398
2.08 0.006002 0.002285
2.09 0.006031 0.002242
2.1 0.006103 0.002172
2.11 0.006116 0.002075
2.12 0.00617 0.002055
2.13 0.006163 0.001912
2.14 0.006194 0.001848
2.15 0.006161 0.001765
2.16 0.006165 0.001764
2.17 0.006202 0.001648
2.18 0.006273 0.001617
2.19 0.006276 0.001473
2.2 0.00631 0.001418
2.21 0.006274 0.001353
2.22 0.006267 0.00128
2.23 0.006288 0.001198
2.24 0.006335 0.001211
2.25 0.006307 0.00112
2.26 0.006305 0.001024
2.27 0.006326 0.001026
2.28 0.006369 0.000927
2.29 0.006334 0.000828
2.3 0.006319 0.000829
2.31 0.006324 0.000733
2.32 0.006347 0.000639
2.33 0.006388 0.000648
2.34 0.006346 0.000562
2.35 0.006319 0.000482
2.36 0.006407 0.000407
2.37 0.006409 0.00034
2.38 0.006324 0.000279
2.39 0.006351 0.000227
2.4 0.006388 0.000183
2.41 0.006336 0.000149
2.42 0.0063928 2.4e-05
2.43 0.0063581 9e-06
2.44 0.0063307 9.5e-05
2.45 0.0064099 8.8e-05
2.46 0.0063947 0.00017
2.47 0.0063842 0.000241
2.48 0.0063775 0.0003
2.49 0.0063739 0.000348
2.5 0.0063723 0.000483
2.51 0.00637193 0.000506
2.52 0.00637188 0.000517
2.53 0.0063713 0.000616
2.54 0.0063693 0.000703
2.55 0.0063649 0.000779
2.56 0.0063574 0.000842
2.57 0.0063458 0.000894
2.58 0.0063292 0.000934
2.59 0.0063068 0.000963
2.6 0.0063777 0.001082
2.61 0.0063409 0.00109
2.62 0.006296 0.001188
2.63 0.006341 0.001177
2.64 0.006276 0.001256
2.65 0.006299 0.001327
2.66 0.006311 0.00139
2.67 0.006209 0.001446
2.68 0.006194 0.001496
2.69 0.006163 0.001539
2.7 0.006217 0.001677
2.71 0.006153 0.001712
2.72 0.006172 0.001742
2.73 0.006072 0.00187
2.74 0.006052 0.001897
2.75 0.006012 0.002023
2.76 0.005949 0.00205
2.77 0.005964 0.002178
2.78 0.005956 0.002209
2.79 0.005822 0.002243
2.8 0.005862 0.002383
2.81 0.005776 0.002429
2.82 0.005761 0.002483
2.83 0.005718 0.002546
2.84 0.005644 0.002619
2.85 0.005639 0.002704
2.86 0.005602 0.002702
2.87 0.005531 0.002815
2.88 0.005425 0.002844
2.89 0.005383 0.002891
2.9 0.005405 0.002958
2.91 0.005288 0.003046
2.92 0.005331 0.003057
2.93 0.005234 0.003092
2.94 0.005195 0.003154
2.95 0.005113 0.003244
2.96 0.005086 0.003264
2.97 0.005113 0.003316
2.98 0.004993 0.003401
2.99 0.005025 0.003522
3 0.004906 0.003581
3.01 0.004936 0.003579
3.02 0.004914 0.003719
3.03 0.004838 0.003802
3.04 0.004806 0.00383
3.05 0.004717 0.003906
3.06 0.004769 0.004032
3.07 0.004661 0.004109
3.08 0.004692 0.004239
3.09 0.00466 0.004326
3.1 0.004563 0.004469
3.11 0.0046 0.004572
3.12 0.004569 0.004637
3.13 0.004469 0.004765
3.14 0.004497 0.004959
3.15 0.004453 0.00502
3.16 0.004434 0.00525
3.17 0.00434 0.005351
3.18 0.004367 0.005526
3.19 0.004314 0.005675
3.2 0.004281 0.0059
3.21 0.004164 0.006104
3.22 0.004162 0.006287
3.23 0.004174 0.006451
3.24 0.004096 0.006597
3.25 0.004029 0.006828
3.26 0.003969 0.007044
3.27 0.003915 0.007245
3.28 0.003866 0.007535
3.29 0.003818 0.007712
3.3 0.003771 0.007879
3.31 0.003722 0.008135
3.32 0.00367 0.008382
3.33 0.003612 0.008519
3.34 0.003547 0.008747
3.35 0.003472 0.008967
3.36 0.003387 0.009177
3.37 0.003288 0.009378
3.38 0.003174 0.009469
3.39 0.003144 0.00965
3.4 0.002995 0.00972
3.41 0.002925 0.009878
3.42 0.002833 0.009923
3.43 0.002716 0.009952
3.44 0.002673 0.009966
3.45 0.002502 0.009961
3.46 0.002401 0.009837
3.47 0.002269 0.009789
3.48 0.002203 0.009717
3.49 0.002102 0.009716
3.5 0.001964 0.009585
3.51 0.001887 0.00952
3.52 0.001771 0.009517
3.53 0.001613 0.009472
3.54 0.001511 0.009383
3.55 0.001364 0.009444
3.56 0.001272 0.00935
3.57 0.001231 0.009398
3.58 0.001041 0.009483
3.59 0.001001 0.009498
3.6 0.000809 0.00954
3.61 0.000764 0.009701
3.62 0.000664 0.009777
3.63 0.00051 0.009961
3.64 0.000399 0.010147
3.65 0.00033 0.010329
3.66 0.000204 0.0105
3.67 1.8e-05 0.010753
3.68 2.7e-05 0.010982
3.69 0.000134 0.011279
3.7 0.000301 0.011537
3.71 0.000431 0.0118493
3.72 0.000522 0.0122077
3.73 0.000677 0.012505
3.74 0.000795 0.0129335
3.75 0.000876 0.0132857
3.76 0.00102 0.0136539
3.77 0.001129 0.0139302
3.78 0.001301 0.014307
3.79 0.001437 0.0146766
3.8 0.001536 0.015031
3.81 0.001699 0.0153628
3.82 0.001826 0.0157642
3.83 0.002015 0.0161275
3.84 0.002166 0.016445
3.85 0.002279 0.01671
3.86 0.002454 0.017015
3.87 0.002589 0.017252
3.88 0.002685 0.017515
3.89 0.002839 0.017696
3.9 0.003052 0.017889
3.91 0.003223 0.018086
3.92 0.00335 0.018183
3.93 0.003532 0.018272
3.94 0.003669 0.018347
3.95 0.003859 0.018403
3.96 0.004001 0.018334
3.97 0.004193 0.018334
3.98 0.004335 0.018199
3.99 0.004524 0.018122
4 0.004761 0.017901
4.01 0.004942 0.017729
4.02 0.005067 0.017503
4.03 0.005234 0.017319
4.04 0.005441 0.017173
4.05 0.005586 0.016962
4.06 0.005769 0.016782
4.07 0.005887 0.01663
4.08 0.006139 0.016403
4.09 0.006223 0.0163
4.1 0.006437 0.016016
4.11 0.006579 0.015851
4.12 0.006747 0.015703
4.13 0.00694 0.01547
4.14 0.007056 0.01525
4.15 0.007293 0.015042
4.16 0.007448 0.014845
4.17 0.007521 0.014559
4.18 0.007709 0.014283
4.19 0.00791 0.014116
4.2 0.008022 0.013858
4.21 0.008144 0.013609
4.22 0.008274 0.013268
4.23 0.008409 0.013038
4.24 0.008548 0.012816
4.25 0.008689 0.012505
4.26 0.008829 0.012205
4.27 0.008968 0.011917
4.28 0.009103 0.011641
4.29 0.009232 0.011379
4.3 0.009354 0.011131
4.31 0.009466 0.010799
4.32 0.009568 0.010585
4.33 0.009656 0.010289
4.34 0.009729 0.010014
4.35 0.009885 0.00976
4.36 0.009923 0.00943
4.37 0.010041 0.009225
4.38 0.010137 0.008947
4.39 0.01021 0.008697
4.4 0.010257 0.008378
4.41 0.010377 0.008192
4.42 0.010468 0.007939
4.43 0.010529 0.007723
4.44 0.010558 0.007445
4.45 0.010653 0.007308
4.46 0.010713 0.007112
4.47 0.010737 0.006861
4.48 0.010822 0.006656
4.49 0.010868 0.0065
4.5 0.010872 0.006293
4.51 0.010933 0.006139
4.52 0.01095 0.005939
4.53 0.011021 0.005796
4.54 0.011045 0.005611
4.55 0.011121 0.005486
4.56 0.011147 0.005323
4.57 0.011221 0.005125
4.58 0.011243 0.004992
4.59 0.01131 0.004828
4.6 0.011323 0.004633
4.61 0.011379 0.00451
4.62 0.011477 0.00436
4.63 0.011515 0.004185
4.64 0.011494 0.003988
4.65 0.011611 0.003869
4.66 0.011565 0.00373
4.67 0.011655 0.003573
4.68 0.01168 0.0035
4.69 0.011739 0.003312
4.7 0.01173 0.00321
4.71 0.011752 0.003096
4.72 0.011805 0.002972
4.73 0.011888 0.002839
4.74 0.011898 0.002697
4.75 0.011935 0.00255
4.76 0.011898 0.002397
4.77 0.011887 0.00224
4.78 0.011999 0.00218
4.79 0.011934 0.002019
4.8 0.011991 0.001956
4.81 0.011969 0.001795
4.82 0.011966 0.001635
4.83 0.011983 0.001577
4.84 0.012018 0.001422
4.85 0.012069 0.001372
4.86 0.012037 0.001226
4.87 0.012019 0.001087
4.88 0.012116 0.000954
4.89 0.012126 0.000828
4.9 0.012048 0.00071
4.91 0.012082 0.0006
4.92 0.012126 0.000499
4.93 0.0120798 0.000408
4.94 0.012142 0.000327
4.95 0.012112 0.000156
4.96 0.0120889 9.6e-05
4.97 0.0120717 5.3e-05
4.98 0.0120595 0.000191
4.99 0.0120515 0.000217
5 0.0120469 0.000331
5.01 0.0120446 0.000434
5.02 0.0120439 0.000624
5.03 0.0120438 0.000703
5.04 0.0120436 0.000769
5.05 0.0120422 0.000923
5.06 0.0120388 0.001066
5.07 0.0120326 0.001196
5.08 0.0120226 0.001215
5.09 0.012008 0.001322
5.1 0.0119878 0.001518
5.11 0.0120613 0.001604
5.12 0.0120275 0.001678
5.13 0.011985 0.001843
5.14 0.011934 0.001898
5.15 0.011973 0.002043
5.16 0.011901 0.00218
5.17 0.011917 0.002309
5.18 0.011921 0.00243
5.19 0.01191 0.002544
5.2 0.011885 0.002653
5.21 0.011845 0.002756
5.22 0.011788 0.002854
5.23 0.011714 0.002948
5.24 0.011721 0.00314
5.25 0.011708 0.00323
5.26 0.011676 0.003319
5.27 0.011622 0.003508
5.28 0.011545 0.003598
5.29 0.011445 0.00379
5.3 0.011421 0.003886
5.31 0.011371 0.003987
5.32 0.011295 0.004193
5.33 0.011291 0.004306
5.34 0.011159 0.004428
5.35 0.011096 0.00456
5.36 0.011103 0.004703
5.37 0.010978 0.004859
5.38 0.010919 0.004929
5.39 0.010827 0.005115
5.4 0.010799 0.005218
5.41 0.010734 0.00534
5.42 0.010632 0.005482
5.43 0.01059 0.005647
5.44 0.010508 0.005736
5.45 0.010385 0.00585
5.46 0.010319 0.005992
5.47 0.010309 0.006163
5.48 0.010253 0.006266
5.49 0.010151 0.006401
5.5 0.010101 0.006572
5.51 0.010001 0.006679
5.52 0.009951 0.006825
5.53 0.009848 0.006911
5.54 0.009792 0.007141
5.55 0.009681 0.007215
5.56 0.009613 0.007436
5.57 0.009487 0.007605
5.58 0.009502 0.007726
5.59 0.009356 0.007899
5.6 0.009348 0.008026
5.61 0.009275 0.008211
5.62 0.009137 0.008455
5.63 0.009132 0.008659
5.64 0.009057 0.008826
5.65 0.008913 0.009057
5.66 0.008896 0.009256
5.67 0.008805 0.009523
5.68 0.008739 0.00966
5.69 0.008595 0.00997
5.7 0.008573 0.010153
5.71 0.00847 0.010413
5.72 0.008384 0.01075
5.73 0.008314 0.010966
5.74 0.008158 0.011262
5.75 0.008114 0.011541
5.76 0.007981 0.011802
5.77 0.007856 0.012149
5.78 0.007837 0.012481
5.79 0.007723 0.012801
5.8 0.007612 0.013108
5.81 0.007502 0.013404
5.82 0.007392 0.013689
5.83 0.007278 0.014065
5.84 0.00716 0.014431
5.85 0.007035 0.014688
5.86 0.006901 0.015036
5.87 0.006757 0.015375
5.88 0.006601 0.015605
5.89 0.006431 0.015926
5.9 0.006344 0.016236
5.91 0.006139 0.016536
5.92 0.006015 0.016824
5.93 0.005868 0.016999
5.94 0.005698 0.01726
5.95 0.005502 0.017405
5.96 0.005279 0.017533
5.97 0.005127 0.017641
5.98 0.004944 0.017728
5.99 0.004728 0.01779
6 0.004578 0.017826
6.01 0.004391 0.017932
6.02 0.004166 0.017906
6.03 0.004002 0.017943
6.04 0.003797 0.01794
6.05 0.003649 0.017993
6.06 0.003457 0.017998
6.07 0.003219 0.018051
6.08 0.003033 0.018047
6.09 0.002799 0.018081
6.1 0.002615 0.018148
6.11 0.00238 0.018243
6.12 0.002192 0.018361
6.13 0.00205 0.018494
6.14 0.001854 0.018539
6.15 0.001601 0.018688
6.16 0.001391 0.018935
6.17 0.001224 0.019073
6.18 0.000998 0.019297
6.19 0.000812 0.019498
6.2 0.000566 0.019771
6.21 0.000358 0.020007
6.22 0.000189 0.0203
6.23 4.2e-05 0.0205415
6.24 0.000236 0.0209252
6.25 0.000493 0.021243
6.26 0.000713 0.0214872
6.27 0.000896 0.0218503
6.28 0.001144 0.0221245
6.29 0.001355 0.0225021
6.3 0.00153 0.0227752
6.31 0.001768 0.0231362
6.32 0.00197 0.0234773
6.33 0.002236 0.0237909
6.34 0.002464 0.0240694
6.35 0.002655 0.024405
6.36 0.002908 0.024691
6.37 0.003123 0.024919
6.38 0.003398 0.025182
6.39 0.003634 0.025373
6.4 0.003829 0.025585
6.41 0.004083 0.025812
6.42 0.004295 0.025946
6.43 0.004564 0.026081
6.44 0.004789 0.026111
6.45 0.004968 0.026229
6.46 0.005301 0.02623
6.47 0.005486 0.026208
6.48 0.005723 0.026158
6.49 0.006009 0.026073
6.5 0.006244 0.02595
6.51 0.006525 0.025783
6.52 0.006753 0.025568
6.53 0.007024 0.0253
6.54 0.007238 0.024975
6.55 0.007493 0.02469
6.56 0.007687 0.024441
6.57 0.007919 0.024124
6.58 0.008187 0.023937
6.59 0.00849 0.023575
6.6 0.008724 0.023338
6.61 0.00889 0.023022
6.62 0.009184 0.022725
6.63 0.009406 0.022445
6.64 0.009652 0.022181
6.65 0.009823 0.021831
6.66 0.010014 0.021493
6.67 0.010326 0.021267
6.68 0.010455 0.020852
6.69 0.0107 0.020546
6.7 0.010959 0.02025
6.71 0.011131 0.019863
6.72 0.011312 0.019586
6.73 0.011502 0.019217
6.74 0.011698 0.018857
6.75 0.011898 0.018507
6.76 0.012101 0.018066
6.77 0.012305 0.017737
6.78 0.012507 0.017418
6.79 0.012707 0.017012
6.8 0.012901 0.016619
6.81 0.012988 0.016241
6.82 0.013167 0.015877
6.83 0.013335 0.015531
6.84 0.013491 0.015103
6.85 0.013633 0.014794
6.86 0.013758 0.014407
6.87 0.013966 0.014042
6.88 0.014055 0.013702
6.89 0.014222 0.013288
6.9 0.014366 0.013002
6.91 0.014485 0.012646
6.92 0.014578 0.012322
6.93 0.014743 0.011931
6.94 0.014778 0.011676
6.95 0.014882 0.011358
6.96 0.015053 0.01098
6.97 0.015089 0.010743
6.98 0.015189 0.01045
6.99 0.015252 0.010102
7 0.015375 0.009902
7.01 0.015457 0.009551
7.02 0.015597 0.009351
7.03 0.015594 0.009106
7.04 0.015745 0.008816
7.05 0.01575 0.008583
7.06 0.015806 0.00831
7.07 0.015913 0.008099
7.08 0.01597 0.00785
7.09 0.016074 0.007668
7.1 0.016125 0.007452
7.11 0.016221 0.007206
7.12 0.01626 0.00693
7.13 0.016343 0.006727
7.14 0.016366 0.006499
7.15 0.01643 0.006247
7.16 0.016533 0.006073
7.17 0.016573 0.005879
7.18 0.01665 0.005666
7.19 0.016662 0.005436
7.2 0.016708 0.00529
7.21 0.016788 0.005031
7.22 0.016899 0.004859
7.23 0.01694 0.004675
7.24 0.016912 0.004482
7.25 0.017012 0.004281
7.26 0.017039 0.004073
7.27 0.017093 0.003959
7.28 0.017072 0.003741
7.29 0.017175 0.003519
7.3 0.017202 0.003396
7.31 0.017251 0.003171
7.32 0.017221 0.003046
7.33 0.017212 0.002823
7.34 0.017321 0.002701
7.35 0.017349 0.002483
7.36 0.017295 0.002368
7.37 0.017356 0.002158
7.38 0.017333 0.002053
7.39 0.017425 0.001855
7.4 0.01743 0.001664
7.41 0.017448 0.00148
7.42 0.017377 0.001404
7.43 0.017418 0.001238
7.44 0.017468 0.00108
7.45 0.0174271 0.000832
7.46 0.0174943 0.000695
7.47 0.0174687 0.000568
7.48 0.0174494 0.000352
7.49 0.0174354 0.000247
7.5 0.017426 5.4e-05
7.51 0.0174202 0.000128
7.52 0.0174172 0.000197
7.53 0.017416 0.000355
7.54 0.0174158 0.000601
7.55 0.0174157 0.000734
7.56 0.0174148 0.000856
7.57 0.0174123 0.001065
7.58 0.0174072 0.001163
7.59 0.0173987 0.001349
7.6 0.0173859 0.001523
7.61 0.017368 0.001686
7.62 0.0173439 0.001838
7.63 0.0174129 0.001979
7.64 0.017374 0.00211
7.65 0.017326 0.002331
7.66 0.017269 0.002443
7.67 0.017301 0.002646
7.68 0.017222 0.00284
7.69 0.01723 0.002927
7.7 0.017225 0.003106
7.71 0.017206 0.003279
7.72 0.017171 0.003447
7.73 0.01712 0.003609
7.74 0.017053 0.003768
7.75 0.017067 0.003923
7.76 0.016962 0.004177
7.77 0.016937 0.004328
7.78 0.016891 0.00448
7.79 0.016823 0.004732
7.8 0.016732 0.004886
7.81 0.016717 0.005043
7.82 0.016677 0.005305
7.83 0.01661 0.005471
7.84 0.016517 0.005645
7.85 0.016395 0.005826
7.86 0.016344 0.006017
7.87 0.016262 0.006218
7.88 0.016149 0.006432
7.89 0.016103 0.006659
7.9 0.016024 0.006802
7.91 0.015909 0.007061
7.92 0.015858 0.007238
7.93 0.01577 0.007436
7.94 0.015643 0.007655
7.95 0.015576 0.007797
7.96 0.015469 0.008064
7.97 0.015319 0.008258
7.98 0.015225 0.008481
7.99 0.015187 0.008635
8 0.015002 0.00882
8.01 0.01497 0.00904
8.02 0.014889 0.009296
8.03 0.014757 0.00949
8.04 0.014674 0.009724
8.05 0.014538 0.0099
8.06 0.014448 0.01012
8.07 0.014302 0.010386
8.08 0.014198 0.0106
8.09 0.014135 0.010863
8.1 0.014012 0.011079
8.11 0.013927 0.011349
8.12 0.013778 0.011575
8.13 0.013665 0.011859
8.14 0.013585 0.012103
8.15 0.013436 0.012409
8.16 0.013318 0.012679
8.17 0.013228 0.012915
8.18 0.013065 0.013219
8.19 0.012927 0.013593
8.2 0.012813 0.013838
8.21 0.01272 0.014157
8.22 0.012547 0.01455
8.23 0.012492 0.014921
8.24 0.012354 0.01527
8.25 0.01223 0.015599
8.26 0.012019 0.016009
8.27 0.01192 0.016403
8.28 0.011729 0.01678
8.29 0.011645 0.017143
8.3 0.011467 0.017492
8.31 0.011293 0.01793
8.32 0.01112 0.018355
8.33 0.011047 0.01877
8.34 0.010872 0.019175
8.35 0.010693 0.01967
8.36 0.010508 0.020056
8.37 0.010315 0.020532
8.38 0.010113 0.0209
8.39 0.009899 0.021359
8.4 0.009771 0.021809
8.41 0.009528 0.022148
8.42 0.009267 0.022577
8.43 0.009088 0.022995
8.44 0.008887 0.023401
8.45 0.008663 0.023692
8.46 0.008414 0.024069
8.47 0.008139 0.024329
8.48 0.007935 0.024671
8.49 0.007701 0.024891
8.5 0.007435 0.025088
8.51 0.007135 0.02526
8.52 0.006899 0.025403
8.53 0.006626 0.025514
8.54 0.006414 0.025591
8.55 0.006062 0.025728
8.56 0.005867 0.025824
8.57 0.005529 0.025873
8.58 0.005245 0.025971
8.59 0.005015 0.026114
8.6 0.004736 0.026197
8.61 0.004408 0.026316
8.62 0.00413 0.026464
8.63 0.003899 0.026536
8.64 0.003614 0.026727
8.65 0.003276 0.026831
8.66 0.003081 0.027042
8.67 0.002731 0.027153
8.68 0.002422 0.027358
8.69 0.002155 0.027551
8.7 0.001929 0.027824
8.71 0.001542 0.028071
8.72 0.001295 0.028284
8.73 0.000986 0.028557
8.74 0.000716 0.0288811
8.75 0.000383 0.0291501
8.76 8.7e-05 0.0294561
8.77 0.000173 0.0296914
8.78 0.000495 0.0300483
8.79 0.000782 0.0303193
8.8 0.001132 0.0306965
8.81 0.001445 0.0309722
8.82 0.001723 0.0312386
8.83 0.002064 0.031588
8.84 0.002369 0.0319128
8.85 0.002636 0.0322052
8.86 0.002967 0.032458
8.87 0.003259 0.032663
8.88 0.003614 0.032913
8.89 0.003929 0.033201
8.9 0.004206 0.03342
8.91 0.004542 0.033563
8.92 0.004837 0.033722
8.93 0.00519 0.033791
8.94 0.0055 0.033964
8.95 0.005767 0.034034
8.96 0.006088 0.034094
8.97 0.006464 0.03404
8.98 0.006793 0.034064
8.99 0.007073 0.033962
9 0.007404 0.033828
9.01 0.007683 0.033758
9.02 0.00801 0.033545
9.03 0.008383 0.033285
9.04 0.008701 0.033075
9.05 0.008962 0.032709
9.06 0.009265 0.032384
9.07 0.009608 0.031997
9.08 0.009988 0.031643
9.09 0.010306 0.031219
9.1 0.010558 0.030923
9.11 0.010844 0.030552
9.12 0.011161 0.030102
9.13 0.011507 0.029773
9.14 0.011782 0.029362
9.15 0.012082 0.028967
9.16 0.012406 0.028586
9.17 0.012653 0.028218
9.18 0.01292 0.027763
9.19 0.013206 0.027318
9.2 0.013508 0.026983
9.21 0.013825 0.026558
9.22 0.014054 0.026043
9.23 0.014295 0.025636
9.24 0.014544 0.025238
9.25 0.014801 0.02475
9.26 0.015063 0.02427
9.27 0.015328 0.023801
9.28 0.015594 0.023342
9.29 0.01586 0.022894
9.3 0.016023 0.022457
9.31 0.016282 0.022034
9.32 0.016535 0.021524
9.33 0.01678 0.02103
9.34 0.016915 0.020552
9.35 0.017139 0.020091
9.36 0.017349 0.01965
9.37 0.017543 0.019229
9.38 0.017721 0.01873
9.39 0.017979 0.018255
9.4 0.018117 0.017806
9.41 0.018333 0.017384
9.42 0.018424 0.016991
9.43 0.01859 0.016529
9.44 0.018828 0.0161
9.45 0.018937 0.015706
9.46 0.019116 0.015349
9.47 0.019262 0.01493
9.48 0.019374 0.014552
9.49 0.01955 0.014117
9.5 0.01959 0.013726
9.51 0.01979 0.013382
9.52 0.019851 0.013088
9.53 0.01997 0.012643
9.54 0.020145 0.012352
9.55 0.020176 0.012016
9.56 0.020361 0.011736
9.57 0.020398 0.011415
9.58 0.020487 0.011055
9.59 0.020625 0.010757
9.6 0.020712 0.010425
9.61 0.020845 0.010158
9.62 0.020924 0.009861
9.63 0.020948 0.009633
9.64 0.021115 0.009277
9.65 0.021123 0.008996
9.66 0.021272 0.00869
9.67 0.02136 0.008461
9.68 0.021387 0.008111
9.69 0.02155 0.007843
9.7 0.021549 0.007656
9.71 0.021683 0.007353
9.72 0.02175 0.007036
9.73 0.021849 0.006806
9.74 0.02188 0.006564
9.75 0.02194 0.006311
9.76 0.02203 0.00605
9.77 0.022047 0.005882
9.78 0.022091 0.005607
9.79 0.022161 0.005328
9.8 0.022255 0.005145
9.81 0.022273 0.004859
9.82 0.022314 0.004672
9.83 0.022376 0.004384
9.84 0.022359 0.004198
9.85 0.022462 0.004012
9.86 0.022483 0.00373
9.87 0.022522 0.003551
9.88 0.022578 0.003276
9.89 0.022549 0.003107
9.9 0.022536 0.002843
9.91 0.022636 0.002687
9.92 0.022649 0.002437
9.93 0.022674 0.002296
9.94 0.022711 0.002063
9.95 0.022657 0.001839
9.96 0.0227132 0.001625
9.97 0.0226776 0.001421
9.98 0.0227494 0.001227
9.99 0.0227278 0.001045
10 0.022712 0.000773
10.01 0.022701 0.000613
10.02 0.0227939 0.000364
10.03 0.0227899 0.000127
10.04 0.0227882 2e-06
10.05 0.0227877 0.000211
10.06 0.0227877 0.000411
10.07 0.0227872 0.0006
10.08 0.0227854 0.000877
10.09 0.0226814 0.001041
10.1 0.0226742 0.001294
10.11 0.0226632 0.001436
10.12 0.0227472 0.001666
10.13 0.0227256 0.001884
10.14 0.0226973 0.002092
10.15 0.0226614 0.00229
10.16 0.022617 0.002477
10.17 0.022564 0.002755
10.18 0.0226 0.002924
10.19 0.022525 0.003184
10.2 0.022538 0.003336
10.21 0.022538 0.003581
10.22 0.022424 0.003819
10.23 0.022395 0.004051
10.24 0.02235 0.004178
10.25 0.022389 0.004401
10.26 0.02231 0.00462
10.27 0.022212 0.004837
10.28 0.022195 0.005152
10.29 0.022157 0.005366
10.3 0.022097 0.005581
10.31 0.022015 0.005797
10.32 0.021909 0.006115
10.33 0.021878 0.006338
10.34 0.021822 0.006565
10.35 0.021739 0.006798
10.36 0.021628 0.007039
10.37 0.021488 0.007289
10.38 0.021418 0.007549
10.39 0.021316 0.007821
10.4 0.021183 0.008105
10.41 0.021116 0.008405
10.42 0.021014 0.00862
10.43 0.020877 0.008853
10.44 0.020803 0.009206
10.45 0.020691 0.009379
10.46 0.020539 0.009675
10.47 0.020447 0.009996
10.48 0.020313 0.010243
10.49 0.020235 0.010517
10.5 0.020114 0.010822
10.51 0.019946 0.011058
10.52 0.019832 0.011327
10.53 0.019769 0.011632
10.54 0.019557 0.011875
10.55 0.019493 0.012156
10.56 0.019377 0.012479
10.57 0.019207 0.012745
10.58 0.019082 0.013056
10.59 0.0189 0.013415
10.6 0.018759 0.013722
10.61 0.018659 0.013981
10.62 0.018497 0.014294
10.63 0.018372 0.014661
10.64 0.018283 0.014986
10.65 0.018128 0.01537
10.66 0.017905 0.015716
10.67 0.017813 0.016024
10.68 0.01765 0.016398
10.69 0.017515 0.016839
10.7 0.017305 0.017149
10.71 0.017119 0.01763
10.72 0.016956 0.017984
10.73 0.016813 0.018412
10.74 0.016689 0.018817
10.75 0.016482 0.019299
10.76 0.01629 0.019761
10.77 0.016112 0.020203
10.78 0.015946 0.020628
10.79 0.015789 0.021137
10.8 0.01554 0.021631
10.81 0.015398 0.02211
10.82 0.01516 0.022578
10.83 0.014924 0.023133
10.84 0.014788 0.023677
10.85 0.014552 0.024211
10.86 0.014311 0.024735
10.87 0.014066 0.025249
10.88 0.013814 0.025755
10.89 0.013652 0.026252
10.9 0.01338 0.026839
10.91 0.013095 0.027318
10.92 0.012895 0.027887
10.93 0.012579 0.028445
10.94 0.012344 0.028893
10.95 0.011988 0.029428
10.96 0.01171 0.029851
10.97 0.011409 0.030359
10.98 0.011181 0.030751
10.99 0.010825 0.031225
11 0.01054 0.031579
11.01 0.010223 0.031911
11.02 0.009873 0.032217
11.03 0.009588 0.032497
11.04 0.009266 0.032746
11.05 0.008906 0.032961
11.06 0.008506 0.033239
11.07 0.008165 0.033376
11.08 0.00788 0.033568
11.09 0.007551 0.033712
11.1 0.007176 0.033901
11.11 0.006753 0.034033
11.12 0.006481 0.034201
11.13 0.006058 0.034402
11.14 0.005684 0.034628
11.15 0.005357 0.034776
11.16 0.004976 0.034938
11.17 0.00464 0.03511
11.18 0.004248 0.035385
11.19 0.003898 0.035555
11.2 0.00349 0.035816
11.21 0.003123 0.03606
11.22 0.002797 0.03628
11.23 0.00241 0.03657
11.24 0.001961 0.036821
11.25 0.001651 0.037127
11.26 0.001279 0.0374802
11.27 0.000843 0.0377732
11.28 0.000445 0.0379985
11.29 8.3e-05 0.0383483
11.3 0.000342 0.0386149
11.31 0.000731 0.0389907
11.32 0.001084 0.0392679
11.33 0.0015 0.0395386
11.34 0.001881 0.0398953
11.35 0.002224 0.0401302
11.36 0.002631 0.0404355
11.37 0.003101 0.0407038
11.38 0.003433 0.040927
11.39 0.003827 0.041199
11.4 0.004283 0.041411
11.41 0.004699 0.041657
11.42 0.005076 0.041828
11.43 0.005411 0.04192
11.44 0.005906 0.042023
11.45 0.006258 0.042133
11.46 0.006666 0.042242
11.47 0.00703 0.042244
11.48 0.007449 0.042233
11.49 0.00782 0.042203
11.5 0.008244 0.042049
11.51 0.008619 0.041965
11.52 0.009043 0.041845
11.53 0.009415 0.041586
11.54 0.009834 0.041382
11.55 0.010299 0.041028
11.56 0.010606 0.040721
11.57 0.011056 0.040356
11.58 0.011447 0.039929
11.59 0.011876 0.039538
11.6 0.012243 0.039078
11.61 0.012645 0.038546
11.62 0.012981 0.038141
11.63 0.01335 0.037658
11.64 0.013748 0.037196
11.65 0.014175 0.036653
11.66 0.014529 0.036226
11.67 0.014907 0.035715
11.68 0.015208 0.035217
11.69 0.015531 0.034732
11.7 0.015972 0.034258
11.71 0.016231 0.033694
11.72 0.016605 0.03324
11.73 0.016993 0.032695
11.74 0.017293 0.03216
11.75 0.017602 0.031633
11.76 0.017919 0.031016
11.77 0.018242 0.030508
11.78 0.018568 0.030009
11.79 0.018897 0.029421
11.8 0.019126 0.028843
11.81 0.019453 0.028277
11.82 0.019777 0.027723
11.83 0.019995 0.027183
11.84 0.020306 0.026657
11.85 0.020608 0.026047
11.86 0.020798 0.025454
11.87 0.021076 0.02498
11.88 0.021339 0.024426
11.89 0.021586 0.023793
11.9 0.021815 0.023284
11.91 0.022023 0.022699
11.92 0.02231 0.022241
11.93 0.022473 0.021712
11.94 0.022712 0.021113
11.95 0.022923 0.020646
11.96 0.023106 0.020113
11.97 0.023259 0.019617
11.98 0.02348 0.019158
11.99 0.023667 0.018639
12 0.02382 0.018162
12.01 0.024036 0.017729
12.02 0.024214 0.017242
12.03 0.024353 0.016804
12.04 0.02445 0.016415
12.05 0.024604 0.015978
12.06 0.024815 0.015496
12.07 0.02488 0.015169
12.08 0.025098 0.014701
12.09 0.025167 0.014292
12.1 0.025287 0.013946
12.11 0.025456 0.013563
12.12 0.025572 0.013246
12.13 0.025734 0.012797
12.14 0.025841 0.012518
12.15 0.025892 0.01211
12.16 0.026085 0.011775
12.17 0.026119 0.011415
12.18 0.026293 0.011032
12.19 0.026405 0.010727
12.2 0.026455 0.010403
12.21 0.026541 0.01006
12.22 0.026662 0.0097
12.23 0.026817 0.009325
12.24 0.026904 0.009037
12.25 0.026923 0.008736
12.26 0.027073 0.008425
12.27 0.027151 0.008105
12.28 0.027258 0.007776
12.29 0.027292 0.007541
12.3 0.027353 0.007201
12.31 0.027438 0.006956
12.32 0.027447 0.006608
12.33 0.02758 0.006359
12.34 0.027634 0.006008
12.35 0.02771 0.005759
12.36 0.027705 0.00551
12.37 0.02782 0.005164
12.38 0.027852 0.004921
12.39 0.027902 0.004681
12.4 0.027867 0.004347
12.41 0.027948 0.004119
12.42 0.027944 0.003897
12.43 0.028052 0.003582
12.44 0.028073 0.003375
12.45 0.028105 0.003076
12.46 0.028148 0.002786
12.47 0.0281006 0.002505
12.48 0.0281619 0.002335
12.49 0.028131 0.002074
12.5 0.028207 0.001825
12.51 0.0281892 0.001486
12.52 0.0281765 0.001259
12.53 0.0281681 0.001043
12.54 0.028263 0.000739
12.55 0.0282606 0.000547
12.56 0.0282597 0.000267
12.57 0.0282596 1e-06
12.58 0.0282594 0.000257
12.59 0.0282582 0.000501
12.6 0.0282551 0.000732
12.61 0.0282492 0.001052
12.62 0.0282397 0.001261
12.63 0.0282257 0.001558
12.64 0.0282063 0.001743
12.65 0.0281806 0.002018
12.66 0.0281476 0.002282
12.67 0.028107 0.002536
12.68 0.028157 0.00278
12.69 0.028097 0.003115
12.7 0.028026 0.003341
12.71 0.028044 0.003558
12.72 0.028049 0.003869
12.73 0.02794 0.004172
12.74 0.027917 0.004369
12.75 0.027878 0.004661
12.76 0.027823 0.004948
12.77 0.027751 0.005231
12.78 0.02776 0.005511
12.79 0.02765 0.005789
12.8 0.02762 0.006066
12.81 0.027569 0.006343
12.82 0.027495 0.006621
12.83 0.027398 0.006902
12.84 0.027277 0.007185
12.85 0.02723 0.007573
12.86 0.027157 0.007867
12.87 0.027056 0.008168
12.88 0.026927 0.008477
12.89 0.026868 0.008795
12.9 0.026679 0.009125
12.91 0.026657 0.009468
12.92 0.026503 0.009724
12.93 0.026415 0.010096
12.94 0.026291 0.010385
12.95 0.026131 0.010793
12.96 0.026033 0.011121
12.97 0.025896 0.011471
12.98 0.025719 0.011745
12.99 0.0256 0.012145
13 0.025439 0.012471
13.01 0.025334 0.012827
13.02 0.025184 0.013114
13.03 0.024988 0.013534
13.04 0.024843 0.013888
13.05 0.02475 0.014179
13.06 0.024605 0.014608
13.07 0.024409 0.014978
13.08 0.024259 0.01529
13.09 0.024055 0.015647
13.1 0.023894 0.016051
13.11 0.023775 0.016502
13.12 0.023597 0.016905
13.13 0.023459 0.01726
13.14 0.023258 0.017669
13.15 0.023093 0.018135
13.16 0.022862 0.018559
13.17 0.022665 0.018944
13.18 0.022499 0.019392
13.19 0.022363 0.019804
13.2 0.022154 0.020283
13.21 0.021972 0.02073
13.22 0.021715 0.021247
13.23 0.021581 0.021736
13.24 0.021368 0.022299
13.25 0.021074 0.022737
13.26 0.020898 0.023253
13.27 0.020639 0.023848
13.28 0.020493 0.024423
13.29 0.02026 0.02498
13.3 0.020037 0.02552
13.31 0.019723 0.026044
13.32 0.019515 0.026654
13.33 0.019313 0.027252
13.34 0.019014 0.027837
13.35 0.018715 0.02851
13.36 0.018517 0.029173
13.37 0.018215 0.029726
13.38 0.01791 0.03037
13.39 0.017697 0.031004
13.4 0.017377 0.03163
13.41 0.017046 0.032346
13.42 0.016803 0.032954
13.43 0.016446 0.033651
13.44 0.016074 0.034239
13.45 0.015783 0.034917
13.46 0.015473 0.035482
13.47 0.015141 0.036135
13.48 0.014785 0.036674
13.49 0.014405 0.037298
13.5 0.013997 0.037804
13.51 0.01366 0.038391
13.52 0.013292 0.038857
13.53 0.012892 0.039299
13.54 0.012458 0.039714
13.55 0.012087 0.0401
13.56 0.011679 0.040454
13.57 0.011232 0.040772
13.58 0.010843 0.04115
13.59 0.010412 0.041385
13.6 0.009937 0.041672
13.61 0.009516 0.041908
13.62 0.009148 0.042187
13.63 0.008632 0.042405
13.64 0.008266 0.042657
13.65 0.007748 0.042837
13.66 0.007379 0.04314
13.67 0.006855 0.043361
13.68 0.006477 0.043593
13.69 0.006043 0.043829
13.7 0.005552 0.044065
13.71 0.005103 0.044393
13.72 0.004596 0.044607
13.73 0.004129 0.044899
13.74 0.003702 0.045164
13.75 0.003214 0.045493
13.76 0.002764 0.045779
13.77 0.002252 0.0461158
13.78 0.001777 0.0463949
13.79 0.00134 0.046709
13.8 0.000839 0.0470506
13.81 0.000375 0.0474118
13.82 0.000153 0.0476851
13.83 0.000545 0.0479627
13.84 0.001101 0.0483367
13.85 0.00152 0.0485996
13.86 0.002002 0.0489434
13.87 0.002549 0.0491607
13.88 0.003058 0.0494437
13.89 0.003529 0.049685
13.9 0.003963 0.049877
13.91 0.004459 0.050112
13.92 0.005015 0.050283
13.93 0.005432 0.050483
13.94 0.005909 0.050605
13.95 0.006444 0.050742
13.96 0.006937 0.050787
13.97 0.007387 0.050835
13.98 0.007893 0.050877
13.99 0.008354 0.050909
14 0.008869 0.050824
14.01 0.009337 0.050717
14.02 0.009855 0.050582
14.03 0.010324 0.050414
14.04 0.010841 0.050207
14.05 0.011305 0.049958
14.06 0.011816 0.04966
14.07 0.01227 0.049311
14.08 0.012767 0.048905
14.09 0.013206 0.048439
14.1 0.013684 0.047909
14.11 0.014099 0.047413
14.12 0.014651 0.046845
14.13 0.015038 0.046305
14.14 0.015557 0.045689
14.15 0.016007 0.045194
14.16 0.016486 0.044618
14.17 0.016893 0.04396
14.18 0.017325 0.043418
14.19 0.01778 0.04279
14.2 0.018158 0.042275
14.21 0.018655 0.041671
14.22 0.019071 0.041078
14.23 0.019502 0.040395
14.24 0.019848 0.039822
14.25 0.020306 0.039157
14.26 0.020674 0.038602
14.27 0.021051 0.037956
14.28 0.021435 0.037319
14.29 0.021823 0.036591
14.3 0.022214 0.035973
14.31 0.022506 0.035366
14.32 0.022897 0.03467
14.33 0.023285 0.033986
14.34 0.023568 0.033315
14.35 0.023944 0.032658
14.36 0.024312 0.032017
14.37 0.02457 0.031392
14.38 0.024916 0.030685
14.39 0.025247 0.030098
14.4 0.025463 0.029432
14.41 0.025761 0.028788
14.42 0.02614 0.028069
14.43 0.026398 0.027475
14.44 0.026633 0.02681
14.45 0.026944 0.026174
14.46 0.027128 0.025569
14.47 0.027384 0.024998
14.48 0.027611 0.024362
14.49 0.027907 0.023763
14.5 0.02817 0.023204
14.51 0.028399 0.022686
14.52 0.028591 0.022111
14.53 0.028746 0.021581
14.54 0.028962 0.020999
14.55 0.029138 0.020466
14.56 0.029371 0.019984
14.57 0.029561 0.019456
14.58 0.029706 0.018982
14.59 0.029904 0.018467
14.6 0.030055 0.01801
14.61 0.030256 0.017515
14.62 0.030407 0.017083
14.63 0.030505 0.016616
14.64 0.03075 0.016116
14.65 0.030841 0.015685
14.66 0.030976 0.015325
14.67 0.031153 0.014837
14.68 0.031272 0.014424
14.69 0.031431 0.013986
14.7 0.031529 0.013627
14.71 0.031665 0.013146
14.72 0.031838 0.012747
14.73 0.031946 0.012331
14.74 0.032088 0.011899
14.75 0.032163 0.011553
14.76 0.032271 0.011194
14.77 0.032409 0.010824
14.78 0.032477 0.010444
14.79 0.032573 0.010055
14.8 0.032698 0.00966
14.81 0.032848 0.009259
14.82 0.032924 0.008953
14.83 0.033025 0.008543
14.84 0.033049 0.008232
14.85 0.033195 0.007819
14.86 0.033263 0.007506
14.87 0.033351 0.007194
14.88 0.033359 0.006784
14.89 0.033484 0.006477
14.9 0.033528 0.006173
14.91 0.033588 0.005875
14.92 0.033663 0.005481
14.93 0.033653 0.005194
14.94 0.033757 0.004914
14.95 0.033773 0.004541
14.96 0.033801 0.004276
14.97 0.03384 0.00392
14.98 0.033889 0.003573
14.99 0.0339472 0.003336
